756 826
1 70
1 64

2 1 64 66 70 AND
2 1 65 66 71 AND
2 1 63 61 320 XOR
2 1 62 60 319 XOR
2 1 61 59 318 XOR
2 1 60 58 317 XOR
2 1 59 57 316 XOR
2 1 58 56 315 XOR
2 1 57 55 314 XOR
2 1 56 54 313 XOR
2 1 55 53 312 XOR
2 1 54 52 311 XOR
2 1 53 51 310 XOR
2 1 52 50 309 XOR
2 1 51 49 308 XOR
2 1 50 48 307 XOR
2 1 49 47 306 XOR
2 1 48 46 305 XOR
2 1 47 45 304 XOR
2 1 46 44 303 XOR
2 1 45 43 302 XOR
2 1 44 42 301 XOR
2 1 43 41 300 XOR
2 1 42 40 299 XOR
2 1 41 39 298 XOR
2 1 40 38 297 XOR
2 1 39 37 296 XOR
2 1 38 36 295 XOR
2 1 37 35 294 XOR
2 1 36 34 293 XOR
2 1 35 33 292 XOR
2 1 34 32 291 XOR
2 1 33 31 290 XOR
2 1 32 30 289 XOR
2 1 31 29 288 XOR
2 1 30 28 287 XOR
2 1 29 27 286 XOR
2 1 28 26 285 XOR
2 1 27 25 284 XOR
2 1 26 24 283 XOR
2 1 25 23 282 XOR
2 1 24 22 281 XOR
2 1 23 21 280 XOR
2 1 22 20 279 XOR
2 1 21 19 278 XOR
2 1 20 18 277 XOR
2 1 19 17 276 XOR
2 1 18 16 275 XOR
2 1 17 15 274 XOR
2 1 16 14 273 XOR
2 1 15 13 272 XOR
2 1 14 12 271 XOR
2 1 13 11 270 XOR
2 1 12 10 269 XOR
2 1 11 9 268 XOR
2 1 10 8 267 XOR
2 1 9 7 266 XOR
2 1 8 6 265 XOR
2 1 7 5 264 XOR
2 1 6 4 263 XOR
2 1 5 3 262 XOR
2 1 4 2 261 XOR
2 1 3 1 260 XOR
2 1 2 0 259 XOR
2 1 1 71 258 XOR
2 1 0 70 384 XOR
2 1 0 70 321 AND
2 1 71 321 73 XOR
2 1 1 321 72 XOR
2 1 72 73 74 AND
2 1 74 321 322 XOR
2 1 0 322 76 XOR
2 1 2 322 75 XOR
2 1 75 76 77 AND
2 1 77 322 323 XOR
2 1 1 323 79 XOR
2 1 3 323 78 XOR
2 1 78 79 80 AND
2 1 80 323 324 XOR
2 1 2 324 82 XOR
2 1 4 324 81 XOR
2 1 81 82 83 AND
2 1 83 324 325 XOR
2 1 3 325 85 XOR
2 1 5 325 84 XOR
2 1 84 85 86 AND
2 1 86 325 326 XOR
2 1 4 326 88 XOR
2 1 6 326 87 XOR
2 1 87 88 89 AND
2 1 89 326 327 XOR
2 1 5 327 91 XOR
2 1 7 327 90 XOR
2 1 90 91 92 AND
2 1 92 327 328 XOR
2 1 6 328 94 XOR
2 1 8 328 93 XOR
2 1 93 94 95 AND
2 1 95 328 329 XOR
2 1 7 329 97 XOR
2 1 9 329 96 XOR
2 1 96 97 98 AND
2 1 98 329 330 XOR
2 1 8 330 100 XOR
2 1 10 330 99 XOR
2 1 99 100 101 AND
2 1 101 330 331 XOR
2 1 9 331 103 XOR
2 1 11 331 102 XOR
2 1 102 103 104 AND
2 1 104 331 332 XOR
2 1 10 332 106 XOR
2 1 12 332 105 XOR
2 1 105 106 107 AND
2 1 107 332 333 XOR
2 1 11 333 109 XOR
2 1 13 333 108 XOR
2 1 108 109 110 AND
2 1 110 333 334 XOR
2 1 12 334 112 XOR
2 1 14 334 111 XOR
2 1 111 112 113 AND
2 1 113 334 335 XOR
2 1 13 335 115 XOR
2 1 15 335 114 XOR
2 1 114 115 116 AND
2 1 116 335 336 XOR
2 1 14 336 118 XOR
2 1 16 336 117 XOR
2 1 117 118 119 AND
2 1 119 336 337 XOR
2 1 15 337 121 XOR
2 1 17 337 120 XOR
2 1 120 121 122 AND
2 1 122 337 338 XOR
2 1 16 338 124 XOR
2 1 18 338 123 XOR
2 1 123 124 125 AND
2 1 125 338 339 XOR
2 1 17 339 127 XOR
2 1 19 339 126 XOR
2 1 126 127 128 AND
2 1 128 339 340 XOR
2 1 18 340 130 XOR
2 1 20 340 129 XOR
2 1 129 130 131 AND
2 1 131 340 341 XOR
2 1 19 341 133 XOR
2 1 21 341 132 XOR
2 1 132 133 134 AND
2 1 134 341 342 XOR
2 1 20 342 136 XOR
2 1 22 342 135 XOR
2 1 135 136 137 AND
2 1 137 342 343 XOR
2 1 21 343 139 XOR
2 1 23 343 138 XOR
2 1 138 139 140 AND
2 1 140 343 344 XOR
2 1 22 344 142 XOR
2 1 24 344 141 XOR
2 1 141 142 143 AND
2 1 143 344 345 XOR
2 1 23 345 145 XOR
2 1 25 345 144 XOR
2 1 144 145 146 AND
2 1 146 345 346 XOR
2 1 24 346 148 XOR
2 1 26 346 147 XOR
2 1 147 148 149 AND
2 1 149 346 347 XOR
2 1 25 347 151 XOR
2 1 27 347 150 XOR
2 1 150 151 152 AND
2 1 152 347 348 XOR
2 1 285 348 412 XOR
2 1 26 348 154 XOR
2 1 28 348 153 XOR
2 1 153 154 155 AND
2 1 155 348 349 XOR
2 1 286 349 413 XOR
2 1 284 347 411 XOR
2 1 27 349 157 XOR
2 1 29 349 156 XOR
2 1 156 157 158 AND
2 1 158 349 350 XOR
2 1 287 350 414 XOR
2 1 283 346 410 XOR
2 1 28 350 160 XOR
2 1 30 350 159 XOR
2 1 159 160 161 AND
2 1 161 350 351 XOR
2 1 282 345 409 XOR
2 1 31 351 162 XOR
2 1 288 351 415 XOR
2 1 281 344 408 XOR
2 1 29 351 163 XOR
2 1 162 163 164 AND
2 1 164 351 352 XOR
2 1 289 352 416 XOR
2 1 280 343 407 XOR
2 1 30 352 166 XOR
2 1 32 352 165 XOR
2 1 165 166 167 AND
2 1 167 352 353 XOR
2 1 290 353 417 XOR
2 1 279 342 406 XOR
2 1 31 353 169 XOR
2 1 33 353 168 XOR
2 1 168 169 170 AND
2 1 170 353 354 XOR
2 1 291 354 418 XOR
2 1 278 341 405 XOR
2 1 32 354 172 XOR
2 1 34 354 171 XOR
2 1 171 172 173 AND
2 1 173 354 355 XOR
2 1 277 340 404 XOR
2 1 35 355 174 XOR
2 1 292 355 419 XOR
2 1 276 339 403 XOR
2 1 33 355 175 XOR
2 1 174 175 176 AND
2 1 176 355 356 XOR
2 1 293 356 420 XOR
2 1 275 338 402 XOR
2 1 34 356 178 XOR
2 1 36 356 177 XOR
2 1 177 178 179 AND
2 1 179 356 357 XOR
2 1 294 357 421 XOR
2 1 274 337 401 XOR
2 1 35 357 181 XOR
2 1 37 357 180 XOR
2 1 180 181 182 AND
2 1 182 357 358 XOR
2 1 295 358 422 XOR
2 1 273 336 400 XOR
2 1 36 358 184 XOR
2 1 38 358 183 XOR
2 1 183 184 185 AND
2 1 185 358 359 XOR
2 1 272 335 399 XOR
2 1 39 359 186 XOR
2 1 296 359 423 XOR
2 1 271 334 398 XOR
2 1 37 359 187 XOR
2 1 186 187 188 AND
2 1 188 359 360 XOR
2 1 297 360 424 XOR
2 1 270 333 397 XOR
2 1 38 360 190 XOR
2 1 40 360 189 XOR
2 1 189 190 191 AND
2 1 191 360 361 XOR
2 1 298 361 425 XOR
2 1 269 332 396 XOR
2 1 39 361 193 XOR
2 1 41 361 192 XOR
2 1 192 193 194 AND
2 1 194 361 362 XOR
2 1 299 362 426 XOR
2 1 268 331 395 XOR
2 1 40 362 196 XOR
2 1 42 362 195 XOR
2 1 195 196 197 AND
2 1 197 362 363 XOR
2 1 267 330 394 XOR
2 1 43 363 198 XOR
2 1 300 363 427 XOR
2 1 266 329 393 XOR
2 1 41 363 199 XOR
2 1 198 199 200 AND
2 1 200 363 364 XOR
2 1 301 364 428 XOR
2 1 265 328 392 XOR
2 1 42 364 202 XOR
2 1 44 364 201 XOR
2 1 201 202 203 AND
2 1 203 364 365 XOR
2 1 302 365 429 XOR
2 1 264 327 391 XOR
2 1 43 365 205 XOR
2 1 45 365 204 XOR
2 1 204 205 206 AND
2 1 206 365 366 XOR
2 1 303 366 430 XOR
2 1 263 326 390 XOR
2 1 44 366 208 XOR
2 1 46 366 207 XOR
2 1 207 208 209 AND
2 1 209 366 367 XOR
2 1 262 325 389 XOR
2 1 47 367 210 XOR
2 1 304 367 431 XOR
2 1 261 324 388 XOR
2 1 45 367 211 XOR
2 1 210 211 212 AND
2 1 212 367 368 XOR
2 1 305 368 432 XOR
2 1 260 323 387 XOR
2 1 46 368 214 XOR
2 1 48 368 213 XOR
2 1 213 214 215 AND
2 1 215 368 369 XOR
2 1 306 369 433 XOR
2 1 259 322 386 XOR
2 1 47 369 217 XOR
2 1 49 369 216 XOR
2 1 216 217 218 AND
2 1 218 369 370 XOR
2 1 307 370 434 XOR
2 1 258 321 385 XOR
2 1 48 370 220 XOR
2 1 50 370 219 XOR
2 1 219 220 221 AND
2 1 221 370 371 XOR
2 1 49 371 223 XOR
2 1 51 371 222 XOR
2 1 222 223 224 AND
2 1 224 371 372 XOR
2 1 50 372 226 XOR
2 1 52 372 225 XOR
2 1 225 226 227 AND
2 1 227 372 373 XOR
2 1 51 373 229 XOR
2 1 53 373 228 XOR
2 1 228 229 230 AND
2 1 230 373 374 XOR
2 1 52 374 232 XOR
2 1 54 374 231 XOR
2 1 231 232 233 AND
2 1 233 374 375 XOR
2 1 53 375 235 XOR
2 1 55 375 234 XOR
2 1 234 235 236 AND
2 1 236 375 376 XOR
2 1 54 376 238 XOR
2 1 56 376 237 XOR
2 1 237 238 239 AND
2 1 239 376 377 XOR
2 1 314 377 441 XOR
2 1 55 377 241 XOR
2 1 57 377 240 XOR
2 1 240 241 242 AND
2 1 242 377 378 XOR
2 1 315 378 442 XOR
2 1 313 376 440 XOR
2 1 56 378 244 XOR
2 1 58 378 243 XOR
2 1 243 244 245 AND
2 1 245 378 379 XOR
2 1 316 379 443 XOR
2 1 312 375 439 XOR
2 1 57 379 247 XOR
2 1 59 379 246 XOR
2 1 246 247 248 AND
2 1 248 379 380 XOR
2 1 311 374 438 XOR
2 1 60 380 249 XOR
2 1 317 380 444 XOR
2 1 310 373 437 XOR
2 1 58 380 250 XOR
2 1 249 250 251 AND
2 1 251 380 381 XOR
2 1 318 381 445 XOR
2 1 309 372 436 XOR
2 1 59 381 253 XOR
2 1 61 381 252 XOR
2 1 252 253 254 AND
2 1 254 381 382 XOR
2 1 319 382 446 XOR
2 1 308 371 435 XOR
2 1 60 382 256 XOR
2 1 62 382 255 XOR
2 1 255 256 257 AND
2 1 257 382 383 XOR
2 1 320 383 447 XOR
2 1 67 69 448 AND
2 1 68 69 449 AND
2 1 447 61 698 XOR
2 1 446 60 697 XOR
2 1 445 59 696 XOR
2 1 444 58 695 XOR
2 1 443 57 694 XOR
2 1 442 56 693 XOR
2 1 441 55 692 XOR
2 1 440 54 691 XOR
2 1 439 53 690 XOR
2 1 438 52 689 XOR
2 1 437 51 688 XOR
2 1 436 50 687 XOR
2 1 435 49 686 XOR
2 1 434 48 685 XOR
2 1 433 47 684 XOR
2 1 432 46 683 XOR
2 1 431 45 682 XOR
2 1 430 44 681 XOR
2 1 429 43 680 XOR
2 1 428 42 679 XOR
2 1 427 41 678 XOR
2 1 426 40 677 XOR
2 1 425 39 676 XOR
2 1 424 38 675 XOR
2 1 423 37 674 XOR
2 1 422 36 673 XOR
2 1 421 35 672 XOR
2 1 420 34 671 XOR
2 1 419 33 670 XOR
2 1 418 32 669 XOR
2 1 417 31 668 XOR
2 1 416 30 667 XOR
2 1 415 29 666 XOR
2 1 414 28 665 XOR
2 1 413 27 664 XOR
2 1 412 26 663 XOR
2 1 411 25 662 XOR
2 1 410 24 661 XOR
2 1 409 23 660 XOR
2 1 408 22 659 XOR
2 1 407 21 658 XOR
2 1 406 20 657 XOR
2 1 405 19 656 XOR
2 1 404 18 655 XOR
2 1 403 17 654 XOR
2 1 402 16 653 XOR
2 1 401 15 652 XOR
2 1 400 14 651 XOR
2 1 399 13 650 XOR
2 1 398 12 649 XOR
2 1 397 11 648 XOR
2 1 396 10 647 XOR
2 1 395 9 646 XOR
2 1 394 8 645 XOR
2 1 393 7 644 XOR
2 1 392 6 643 XOR
2 1 391 5 642 XOR
2 1 390 4 641 XOR
2 1 389 3 640 XOR
2 1 388 2 639 XOR
2 1 387 1 638 XOR
2 1 386 0 637 XOR
2 1 385 449 636 XOR
2 1 384 448 762 XOR
2 1 384 448 699 AND
2 1 449 699 451 XOR
2 1 385 699 450 XOR
2 1 450 451 452 AND
2 1 452 699 700 XOR
2 1 0 700 454 XOR
2 1 386 700 453 XOR
2 1 453 454 455 AND
2 1 455 700 701 XOR
2 1 1 701 457 XOR
2 1 387 701 456 XOR
2 1 456 457 458 AND
2 1 458 701 702 XOR
2 1 2 702 460 XOR
2 1 388 702 459 XOR
2 1 459 460 461 AND
2 1 461 702 703 XOR
2 1 3 703 463 XOR
2 1 389 703 462 XOR
2 1 462 463 464 AND
2 1 464 703 704 XOR
2 1 4 704 466 XOR
2 1 390 704 465 XOR
2 1 465 466 467 AND
2 1 467 704 705 XOR
2 1 5 705 469 XOR
2 1 391 705 468 XOR
2 1 468 469 470 AND
2 1 470 705 706 XOR
2 1 6 706 472 XOR
2 1 392 706 471 XOR
2 1 471 472 473 AND
2 1 473 706 707 XOR
2 1 7 707 475 XOR
2 1 393 707 474 XOR
2 1 474 475 476 AND
2 1 476 707 708 XOR
2 1 8 708 478 XOR
2 1 394 708 477 XOR
2 1 477 478 479 AND
2 1 479 708 709 XOR
2 1 9 709 481 XOR
2 1 395 709 480 XOR
2 1 480 481 482 AND
2 1 482 709 710 XOR
2 1 10 710 484 XOR
2 1 396 710 483 XOR
2 1 483 484 485 AND
2 1 485 710 711 XOR
2 1 11 711 487 XOR
2 1 397 711 486 XOR
2 1 486 487 488 AND
2 1 488 711 712 XOR
2 1 12 712 490 XOR
2 1 398 712 489 XOR
2 1 489 490 491 AND
2 1 491 712 713 XOR
2 1 13 713 493 XOR
2 1 399 713 492 XOR
2 1 492 493 494 AND
2 1 494 713 714 XOR
2 1 14 714 496 XOR
2 1 400 714 495 XOR
2 1 495 496 497 AND
2 1 497 714 715 XOR
2 1 15 715 499 XOR
2 1 401 715 498 XOR
2 1 498 499 500 AND
2 1 500 715 716 XOR
2 1 16 716 502 XOR
2 1 402 716 501 XOR
2 1 501 502 503 AND
2 1 503 716 717 XOR
2 1 17 717 505 XOR
2 1 403 717 504 XOR
2 1 504 505 506 AND
2 1 506 717 718 XOR
2 1 18 718 508 XOR
2 1 404 718 507 XOR
2 1 507 508 509 AND
2 1 509 718 719 XOR
2 1 19 719 511 XOR
2 1 405 719 510 XOR
2 1 510 511 512 AND
2 1 512 719 720 XOR
2 1 20 720 514 XOR
2 1 406 720 513 XOR
2 1 513 514 515 AND
2 1 515 720 721 XOR
2 1 21 721 517 XOR
2 1 407 721 516 XOR
2 1 516 517 518 AND
2 1 518 721 722 XOR
2 1 22 722 520 XOR
2 1 408 722 519 XOR
2 1 519 520 521 AND
2 1 521 722 723 XOR
2 1 23 723 523 XOR
2 1 409 723 522 XOR
2 1 522 523 524 AND
2 1 524 723 724 XOR
2 1 24 724 526 XOR
2 1 410 724 525 XOR
2 1 525 526 527 AND
2 1 527 724 725 XOR
2 1 25 725 529 XOR
2 1 411 725 528 XOR
2 1 528 529 530 AND
2 1 530 725 726 XOR
2 1 663 726 790 XOR
2 1 26 726 532 XOR
2 1 412 726 531 XOR
2 1 531 532 533 AND
2 1 533 726 727 XOR
2 1 664 727 791 XOR
2 1 662 725 789 XOR
2 1 27 727 535 XOR
2 1 413 727 534 XOR
2 1 534 535 536 AND
2 1 536 727 728 XOR
2 1 665 728 792 XOR
2 1 661 724 788 XOR
2 1 28 728 538 XOR
2 1 414 728 537 XOR
2 1 537 538 539 AND
2 1 539 728 729 XOR
2 1 660 723 787 XOR
2 1 415 729 540 XOR
2 1 666 729 793 XOR
2 1 659 722 786 XOR
2 1 29 729 541 XOR
2 1 540 541 542 AND
2 1 542 729 730 XOR
2 1 667 730 794 XOR
2 1 658 721 785 XOR
2 1 30 730 544 XOR
2 1 416 730 543 XOR
2 1 543 544 545 AND
2 1 545 730 731 XOR
2 1 668 731 795 XOR
2 1 657 720 784 XOR
2 1 31 731 547 XOR
2 1 417 731 546 XOR
2 1 546 547 548 AND
2 1 548 731 732 XOR
2 1 669 732 796 XOR
2 1 656 719 783 XOR
2 1 32 732 550 XOR
2 1 418 732 549 XOR
2 1 549 550 551 AND
2 1 551 732 733 XOR
2 1 655 718 782 XOR
2 1 419 733 552 XOR
2 1 670 733 797 XOR
2 1 654 717 781 XOR
2 1 33 733 553 XOR
2 1 552 553 554 AND
2 1 554 733 734 XOR
2 1 671 734 798 XOR
2 1 653 716 780 XOR
2 1 34 734 556 XOR
2 1 420 734 555 XOR
2 1 555 556 557 AND
2 1 557 734 735 XOR
2 1 672 735 799 XOR
2 1 652 715 779 XOR
2 1 35 735 559 XOR
2 1 421 735 558 XOR
2 1 558 559 560 AND
2 1 560 735 736 XOR
2 1 673 736 800 XOR
2 1 651 714 778 XOR
2 1 36 736 562 XOR
2 1 422 736 561 XOR
2 1 561 562 563 AND
2 1 563 736 737 XOR
2 1 650 713 777 XOR
2 1 423 737 564 XOR
2 1 674 737 801 XOR
2 1 649 712 776 XOR
2 1 37 737 565 XOR
2 1 564 565 566 AND
2 1 566 737 738 XOR
2 1 675 738 802 XOR
2 1 648 711 775 XOR
2 1 38 738 568 XOR
2 1 424 738 567 XOR
2 1 567 568 569 AND
2 1 569 738 739 XOR
2 1 676 739 803 XOR
2 1 647 710 774 XOR
2 1 39 739 571 XOR
2 1 425 739 570 XOR
2 1 570 571 572 AND
2 1 572 739 740 XOR
2 1 677 740 804 XOR
2 1 646 709 773 XOR
2 1 40 740 574 XOR
2 1 426 740 573 XOR
2 1 573 574 575 AND
2 1 575 740 741 XOR
2 1 645 708 772 XOR
2 1 427 741 576 XOR
2 1 678 741 805 XOR
2 1 644 707 771 XOR
2 1 41 741 577 XOR
2 1 576 577 578 AND
2 1 578 741 742 XOR
2 1 679 742 806 XOR
2 1 643 706 770 XOR
2 1 42 742 580 XOR
2 1 428 742 579 XOR
2 1 579 580 581 AND
2 1 581 742 743 XOR
2 1 680 743 807 XOR
2 1 642 705 769 XOR
2 1 43 743 583 XOR
2 1 429 743 582 XOR
2 1 582 583 584 AND
2 1 584 743 744 XOR
2 1 681 744 808 XOR
2 1 641 704 768 XOR
2 1 44 744 586 XOR
2 1 430 744 585 XOR
2 1 585 586 587 AND
2 1 587 744 745 XOR
2 1 640 703 767 XOR
2 1 431 745 588 XOR
2 1 682 745 809 XOR
2 1 639 702 766 XOR
2 1 45 745 589 XOR
2 1 588 589 590 AND
2 1 590 745 746 XOR
2 1 683 746 810 XOR
2 1 638 701 765 XOR
2 1 46 746 592 XOR
2 1 432 746 591 XOR
2 1 591 592 593 AND
2 1 593 746 747 XOR
2 1 684 747 811 XOR
2 1 637 700 764 XOR
2 1 47 747 595 XOR
2 1 433 747 594 XOR
2 1 594 595 596 AND
2 1 596 747 748 XOR
2 1 685 748 812 XOR
2 1 636 699 763 XOR
2 1 48 748 598 XOR
2 1 434 748 597 XOR
2 1 597 598 599 AND
2 1 599 748 749 XOR
2 1 49 749 601 XOR
2 1 435 749 600 XOR
2 1 600 601 602 AND
2 1 602 749 750 XOR
2 1 50 750 604 XOR
2 1 436 750 603 XOR
2 1 603 604 605 AND
2 1 605 750 751 XOR
2 1 51 751 607 XOR
2 1 437 751 606 XOR
2 1 606 607 608 AND
2 1 608 751 752 XOR
2 1 52 752 610 XOR
2 1 438 752 609 XOR
2 1 609 610 611 AND
2 1 611 752 753 XOR
2 1 53 753 613 XOR
2 1 439 753 612 XOR
2 1 612 613 614 AND
2 1 614 753 754 XOR
2 1 54 754 616 XOR
2 1 440 754 615 XOR
2 1 615 616 617 AND
2 1 617 754 755 XOR
2 1 692 755 819 XOR
2 1 55 755 619 XOR
2 1 441 755 618 XOR
2 1 618 619 620 AND
2 1 620 755 756 XOR
2 1 693 756 820 XOR
2 1 691 754 818 XOR
2 1 56 756 622 XOR
2 1 442 756 621 XOR
2 1 621 622 623 AND
2 1 623 756 757 XOR
2 1 694 757 821 XOR
2 1 690 753 817 XOR
2 1 57 757 625 XOR
2 1 443 757 624 XOR
2 1 624 625 626 AND
2 1 626 757 758 XOR
2 1 689 752 816 XOR
2 1 444 758 627 XOR
2 1 695 758 822 XOR
2 1 688 751 815 XOR
2 1 58 758 628 XOR
2 1 627 628 629 AND
2 1 629 758 759 XOR
2 1 696 759 823 XOR
2 1 687 750 814 XOR
2 1 59 759 631 XOR
2 1 445 759 630 XOR
2 1 630 631 632 AND
2 1 632 759 760 XOR
2 1 697 760 824 XOR
2 1 686 749 813 XOR
2 1 60 760 634 XOR
2 1 446 760 633 XOR
2 1 633 634 635 AND
2 1 635 760 761 XOR
2 1 698 761 825 XOR