3402 3477
1 75
1 576

2 1 64 66 75 AND
2 1 65 66 76 AND
2 1 63 61 325 XOR
2 1 62 60 324 XOR
2 1 61 59 323 XOR
2 1 60 58 322 XOR
2 1 59 57 321 XOR
2 1 58 56 320 XOR
2 1 57 55 319 XOR
2 1 56 54 318 XOR
2 1 55 53 317 XOR
2 1 54 52 316 XOR
2 1 53 51 315 XOR
2 1 52 50 314 XOR
2 1 51 49 313 XOR
2 1 50 48 312 XOR
2 1 49 47 311 XOR
2 1 48 46 310 XOR
2 1 47 45 309 XOR
2 1 46 44 308 XOR
2 1 45 43 307 XOR
2 1 44 42 306 XOR
2 1 43 41 305 XOR
2 1 42 40 304 XOR
2 1 41 39 303 XOR
2 1 40 38 302 XOR
2 1 39 37 301 XOR
2 1 38 36 300 XOR
2 1 37 35 299 XOR
2 1 36 34 298 XOR
2 1 35 33 297 XOR
2 1 34 32 296 XOR
2 1 33 31 295 XOR
2 1 32 30 294 XOR
2 1 31 29 293 XOR
2 1 30 28 292 XOR
2 1 29 27 291 XOR
2 1 28 26 290 XOR
2 1 27 25 289 XOR
2 1 26 24 288 XOR
2 1 25 23 287 XOR
2 1 24 22 286 XOR
2 1 23 21 285 XOR
2 1 22 20 284 XOR
2 1 21 19 283 XOR
2 1 20 18 282 XOR
2 1 19 17 281 XOR
2 1 18 16 280 XOR
2 1 17 15 279 XOR
2 1 16 14 278 XOR
2 1 15 13 277 XOR
2 1 14 12 276 XOR
2 1 13 11 275 XOR
2 1 12 10 274 XOR
2 1 11 9 273 XOR
2 1 10 8 272 XOR
2 1 9 7 271 XOR
2 1 8 6 270 XOR
2 1 7 5 269 XOR
2 1 6 4 268 XOR
2 1 5 3 267 XOR
2 1 4 2 266 XOR
2 1 3 1 265 XOR
2 1 2 0 264 XOR
2 1 1 76 263 XOR
2 1 0 75 2901 XOR
2 1 0 75 326 AND
2 1 76 326 78 XOR
2 1 1 326 77 XOR
2 1 77 78 79 AND
2 1 79 326 327 XOR
2 1 0 327 81 XOR
2 1 2 327 80 XOR
2 1 80 81 82 AND
2 1 82 327 328 XOR
2 1 1 328 84 XOR
2 1 3 328 83 XOR
2 1 83 84 85 AND
2 1 85 328 329 XOR
2 1 2 329 87 XOR
2 1 4 329 86 XOR
2 1 86 87 88 AND
2 1 88 329 330 XOR
2 1 3 330 90 XOR
2 1 5 330 89 XOR
2 1 89 90 91 AND
2 1 91 330 331 XOR
2 1 4 331 93 XOR
2 1 6 331 92 XOR
2 1 92 93 94 AND
2 1 94 331 332 XOR
2 1 5 332 96 XOR
2 1 7 332 95 XOR
2 1 95 96 97 AND
2 1 97 332 333 XOR
2 1 6 333 99 XOR
2 1 8 333 98 XOR
2 1 98 99 100 AND
2 1 100 333 334 XOR
2 1 7 334 102 XOR
2 1 9 334 101 XOR
2 1 101 102 103 AND
2 1 103 334 335 XOR
2 1 8 335 105 XOR
2 1 10 335 104 XOR
2 1 104 105 106 AND
2 1 106 335 336 XOR
2 1 9 336 108 XOR
2 1 11 336 107 XOR
2 1 107 108 109 AND
2 1 109 336 337 XOR
2 1 10 337 111 XOR
2 1 12 337 110 XOR
2 1 110 111 112 AND
2 1 112 337 338 XOR
2 1 11 338 114 XOR
2 1 13 338 113 XOR
2 1 113 114 115 AND
2 1 115 338 339 XOR
2 1 12 339 117 XOR
2 1 14 339 116 XOR
2 1 116 117 118 AND
2 1 118 339 340 XOR
2 1 13 340 120 XOR
2 1 15 340 119 XOR
2 1 119 120 121 AND
2 1 121 340 341 XOR
2 1 14 341 123 XOR
2 1 16 341 122 XOR
2 1 122 123 124 AND
2 1 124 341 342 XOR
2 1 15 342 126 XOR
2 1 17 342 125 XOR
2 1 125 126 127 AND
2 1 127 342 343 XOR
2 1 16 343 129 XOR
2 1 18 343 128 XOR
2 1 128 129 130 AND
2 1 130 343 344 XOR
2 1 17 344 132 XOR
2 1 19 344 131 XOR
2 1 131 132 133 AND
2 1 133 344 345 XOR
2 1 18 345 135 XOR
2 1 20 345 134 XOR
2 1 134 135 136 AND
2 1 136 345 346 XOR
2 1 19 346 138 XOR
2 1 21 346 137 XOR
2 1 137 138 139 AND
2 1 139 346 347 XOR
2 1 20 347 141 XOR
2 1 22 347 140 XOR
2 1 140 141 142 AND
2 1 142 347 348 XOR
2 1 21 348 144 XOR
2 1 23 348 143 XOR
2 1 143 144 145 AND
2 1 145 348 349 XOR
2 1 22 349 147 XOR
2 1 24 349 146 XOR
2 1 146 147 148 AND
2 1 148 349 350 XOR
2 1 23 350 150 XOR
2 1 25 350 149 XOR
2 1 149 150 151 AND
2 1 151 350 351 XOR
2 1 24 351 153 XOR
2 1 26 351 152 XOR
2 1 152 153 154 AND
2 1 154 351 352 XOR
2 1 25 352 156 XOR
2 1 27 352 155 XOR
2 1 155 156 157 AND
2 1 157 352 353 XOR
2 1 290 353 2929 XOR
2 1 26 353 159 XOR
2 1 28 353 158 XOR
2 1 158 159 160 AND
2 1 160 353 354 XOR
2 1 291 354 2930 XOR
2 1 289 352 2928 XOR
2 1 27 354 162 XOR
2 1 29 354 161 XOR
2 1 161 162 163 AND
2 1 163 354 355 XOR
2 1 292 355 2931 XOR
2 1 288 351 2927 XOR
2 1 28 355 165 XOR
2 1 30 355 164 XOR
2 1 164 165 166 AND
2 1 166 355 356 XOR
2 1 287 350 2926 XOR
2 1 31 356 167 XOR
2 1 293 356 2932 XOR
2 1 286 349 2925 XOR
2 1 29 356 168 XOR
2 1 167 168 169 AND
2 1 169 356 357 XOR
2 1 294 357 2933 XOR
2 1 285 348 2924 XOR
2 1 30 357 171 XOR
2 1 32 357 170 XOR
2 1 170 171 172 AND
2 1 172 357 358 XOR
2 1 295 358 2934 XOR
2 1 284 347 2923 XOR
2 1 31 358 174 XOR
2 1 33 358 173 XOR
2 1 173 174 175 AND
2 1 175 358 359 XOR
2 1 296 359 2935 XOR
2 1 283 346 2922 XOR
2 1 32 359 177 XOR
2 1 34 359 176 XOR
2 1 176 177 178 AND
2 1 178 359 360 XOR
2 1 282 345 2921 XOR
2 1 35 360 179 XOR
2 1 297 360 2936 XOR
2 1 281 344 2920 XOR
2 1 33 360 180 XOR
2 1 179 180 181 AND
2 1 181 360 361 XOR
2 1 298 361 2937 XOR
2 1 280 343 2919 XOR
2 1 34 361 183 XOR
2 1 36 361 182 XOR
2 1 182 183 184 AND
2 1 184 361 362 XOR
2 1 299 362 2938 XOR
2 1 279 342 2918 XOR
2 1 35 362 186 XOR
2 1 37 362 185 XOR
2 1 185 186 187 AND
2 1 187 362 363 XOR
2 1 300 363 2939 XOR
2 1 278 341 2917 XOR
2 1 36 363 189 XOR
2 1 38 363 188 XOR
2 1 188 189 190 AND
2 1 190 363 364 XOR
2 1 277 340 2916 XOR
2 1 39 364 191 XOR
2 1 301 364 2940 XOR
2 1 276 339 2915 XOR
2 1 37 364 192 XOR
2 1 191 192 193 AND
2 1 193 364 365 XOR
2 1 302 365 2941 XOR
2 1 275 338 2914 XOR
2 1 38 365 195 XOR
2 1 40 365 194 XOR
2 1 194 195 196 AND
2 1 196 365 366 XOR
2 1 303 366 2942 XOR
2 1 274 337 2913 XOR
2 1 39 366 198 XOR
2 1 41 366 197 XOR
2 1 197 198 199 AND
2 1 199 366 367 XOR
2 1 304 367 2943 XOR
2 1 273 336 2912 XOR
2 1 40 367 201 XOR
2 1 42 367 200 XOR
2 1 200 201 202 AND
2 1 202 367 368 XOR
2 1 272 335 2911 XOR
2 1 43 368 203 XOR
2 1 305 368 2944 XOR
2 1 271 334 2910 XOR
2 1 41 368 204 XOR
2 1 203 204 205 AND
2 1 205 368 369 XOR
2 1 306 369 2945 XOR
2 1 270 333 2909 XOR
2 1 42 369 207 XOR
2 1 44 369 206 XOR
2 1 206 207 208 AND
2 1 208 369 370 XOR
2 1 307 370 2946 XOR
2 1 269 332 2908 XOR
2 1 43 370 210 XOR
2 1 45 370 209 XOR
2 1 209 210 211 AND
2 1 211 370 371 XOR
2 1 308 371 2947 XOR
2 1 268 331 2907 XOR
2 1 44 371 213 XOR
2 1 46 371 212 XOR
2 1 212 213 214 AND
2 1 214 371 372 XOR
2 1 267 330 2906 XOR
2 1 47 372 215 XOR
2 1 309 372 2948 XOR
2 1 266 329 2905 XOR
2 1 45 372 216 XOR
2 1 215 216 217 AND
2 1 217 372 373 XOR
2 1 310 373 2949 XOR
2 1 265 328 2904 XOR
2 1 46 373 219 XOR
2 1 48 373 218 XOR
2 1 218 219 220 AND
2 1 220 373 374 XOR
2 1 311 374 2950 XOR
2 1 264 327 2903 XOR
2 1 47 374 222 XOR
2 1 49 374 221 XOR
2 1 221 222 223 AND
2 1 223 374 375 XOR
2 1 312 375 2951 XOR
2 1 263 326 2902 XOR
2 1 48 375 225 XOR
2 1 50 375 224 XOR
2 1 224 225 226 AND
2 1 226 375 376 XOR
2 1 49 376 228 XOR
2 1 51 376 227 XOR
2 1 227 228 229 AND
2 1 229 376 377 XOR
2 1 50 377 231 XOR
2 1 52 377 230 XOR
2 1 230 231 232 AND
2 1 232 377 378 XOR
2 1 51 378 234 XOR
2 1 53 378 233 XOR
2 1 233 234 235 AND
2 1 235 378 379 XOR
2 1 52 379 237 XOR
2 1 54 379 236 XOR
2 1 236 237 238 AND
2 1 238 379 380 XOR
2 1 53 380 240 XOR
2 1 55 380 239 XOR
2 1 239 240 241 AND
2 1 241 380 381 XOR
2 1 54 381 243 XOR
2 1 56 381 242 XOR
2 1 242 243 244 AND
2 1 244 381 382 XOR
2 1 319 382 2958 XOR
2 1 55 382 246 XOR
2 1 57 382 245 XOR
2 1 245 246 247 AND
2 1 247 382 383 XOR
2 1 320 383 2959 XOR
2 1 318 381 2957 XOR
2 1 56 383 249 XOR
2 1 58 383 248 XOR
2 1 248 249 250 AND
2 1 250 383 384 XOR
2 1 321 384 2960 XOR
2 1 317 380 2956 XOR
2 1 57 384 252 XOR
2 1 59 384 251 XOR
2 1 251 252 253 AND
2 1 253 384 385 XOR
2 1 316 379 2955 XOR
2 1 60 385 254 XOR
2 1 322 385 2961 XOR
2 1 315 378 2954 XOR
2 1 58 385 255 XOR
2 1 254 255 256 AND
2 1 256 385 386 XOR
2 1 323 386 2962 XOR
2 1 314 377 2953 XOR
2 1 59 386 258 XOR
2 1 61 386 257 XOR
2 1 257 258 259 AND
2 1 259 386 387 XOR
2 1 324 387 2963 XOR
2 1 313 376 2952 XOR
2 1 60 387 261 XOR
2 1 62 387 260 XOR
2 1 260 261 262 AND
2 1 262 387 388 XOR
2 1 325 388 2964 XOR
2 1 64 67 453 AND
2 1 65 67 454 AND
2 1 63 61 703 XOR
2 1 62 60 702 XOR
2 1 61 59 701 XOR
2 1 60 58 700 XOR
2 1 59 57 699 XOR
2 1 58 56 698 XOR
2 1 57 55 697 XOR
2 1 56 54 696 XOR
2 1 55 53 695 XOR
2 1 54 52 694 XOR
2 1 53 51 693 XOR
2 1 52 50 692 XOR
2 1 51 49 691 XOR
2 1 50 48 690 XOR
2 1 49 47 689 XOR
2 1 48 46 688 XOR
2 1 47 45 687 XOR
2 1 46 44 686 XOR
2 1 45 43 685 XOR
2 1 44 42 684 XOR
2 1 43 41 683 XOR
2 1 42 40 682 XOR
2 1 41 39 681 XOR
2 1 40 38 680 XOR
2 1 39 37 679 XOR
2 1 38 36 678 XOR
2 1 37 35 677 XOR
2 1 36 34 676 XOR
2 1 35 33 675 XOR
2 1 34 32 674 XOR
2 1 33 31 673 XOR
2 1 32 30 672 XOR
2 1 31 29 671 XOR
2 1 30 28 670 XOR
2 1 29 27 669 XOR
2 1 28 26 668 XOR
2 1 27 25 667 XOR
2 1 26 24 666 XOR
2 1 25 23 665 XOR
2 1 24 22 664 XOR
2 1 23 21 663 XOR
2 1 22 20 662 XOR
2 1 21 19 661 XOR
2 1 20 18 660 XOR
2 1 19 17 659 XOR
2 1 18 16 658 XOR
2 1 17 15 657 XOR
2 1 16 14 656 XOR
2 1 15 13 655 XOR
2 1 14 12 654 XOR
2 1 13 11 653 XOR
2 1 12 10 652 XOR
2 1 11 9 651 XOR
2 1 10 8 650 XOR
2 1 9 7 649 XOR
2 1 8 6 648 XOR
2 1 7 5 647 XOR
2 1 6 4 646 XOR
2 1 5 3 645 XOR
2 1 4 2 644 XOR
2 1 3 1 643 XOR
2 1 2 0 642 XOR
2 1 1 454 641 XOR
2 1 0 453 2965 XOR
2 1 0 453 704 AND
2 1 454 704 456 XOR
2 1 1 704 455 XOR
2 1 455 456 457 AND
2 1 457 704 705 XOR
2 1 0 705 459 XOR
2 1 2 705 458 XOR
2 1 458 459 460 AND
2 1 460 705 706 XOR
2 1 1 706 462 XOR
2 1 3 706 461 XOR
2 1 461 462 463 AND
2 1 463 706 707 XOR
2 1 2 707 465 XOR
2 1 4 707 464 XOR
2 1 464 465 466 AND
2 1 466 707 708 XOR
2 1 3 708 468 XOR
2 1 5 708 467 XOR
2 1 467 468 469 AND
2 1 469 708 709 XOR
2 1 4 709 471 XOR
2 1 6 709 470 XOR
2 1 470 471 472 AND
2 1 472 709 710 XOR
2 1 5 710 474 XOR
2 1 7 710 473 XOR
2 1 473 474 475 AND
2 1 475 710 711 XOR
2 1 6 711 477 XOR
2 1 8 711 476 XOR
2 1 476 477 478 AND
2 1 478 711 712 XOR
2 1 7 712 480 XOR
2 1 9 712 479 XOR
2 1 479 480 481 AND
2 1 481 712 713 XOR
2 1 8 713 483 XOR
2 1 10 713 482 XOR
2 1 482 483 484 AND
2 1 484 713 714 XOR
2 1 9 714 486 XOR
2 1 11 714 485 XOR
2 1 485 486 487 AND
2 1 487 714 715 XOR
2 1 10 715 489 XOR
2 1 12 715 488 XOR
2 1 488 489 490 AND
2 1 490 715 716 XOR
2 1 11 716 492 XOR
2 1 13 716 491 XOR
2 1 491 492 493 AND
2 1 493 716 717 XOR
2 1 12 717 495 XOR
2 1 14 717 494 XOR
2 1 494 495 496 AND
2 1 496 717 718 XOR
2 1 13 718 498 XOR
2 1 15 718 497 XOR
2 1 497 498 499 AND
2 1 499 718 719 XOR
2 1 14 719 501 XOR
2 1 16 719 500 XOR
2 1 500 501 502 AND
2 1 502 719 720 XOR
2 1 15 720 504 XOR
2 1 17 720 503 XOR
2 1 503 504 505 AND
2 1 505 720 721 XOR
2 1 16 721 507 XOR
2 1 18 721 506 XOR
2 1 506 507 508 AND
2 1 508 721 722 XOR
2 1 17 722 510 XOR
2 1 19 722 509 XOR
2 1 509 510 511 AND
2 1 511 722 723 XOR
2 1 18 723 513 XOR
2 1 20 723 512 XOR
2 1 512 513 514 AND
2 1 514 723 724 XOR
2 1 19 724 516 XOR
2 1 21 724 515 XOR
2 1 515 516 517 AND
2 1 517 724 725 XOR
2 1 20 725 519 XOR
2 1 22 725 518 XOR
2 1 518 519 520 AND
2 1 520 725 726 XOR
2 1 21 726 522 XOR
2 1 23 726 521 XOR
2 1 521 522 523 AND
2 1 523 726 727 XOR
2 1 22 727 525 XOR
2 1 24 727 524 XOR
2 1 524 525 526 AND
2 1 526 727 728 XOR
2 1 23 728 528 XOR
2 1 25 728 527 XOR
2 1 527 528 529 AND
2 1 529 728 729 XOR
2 1 24 729 531 XOR
2 1 26 729 530 XOR
2 1 530 531 532 AND
2 1 532 729 730 XOR
2 1 25 730 534 XOR
2 1 27 730 533 XOR
2 1 533 534 535 AND
2 1 535 730 731 XOR
2 1 668 731 2993 XOR
2 1 26 731 537 XOR
2 1 28 731 536 XOR
2 1 536 537 538 AND
2 1 538 731 732 XOR
2 1 669 732 2994 XOR
2 1 667 730 2992 XOR
2 1 27 732 540 XOR
2 1 29 732 539 XOR
2 1 539 540 541 AND
2 1 541 732 733 XOR
2 1 670 733 2995 XOR
2 1 666 729 2991 XOR
2 1 28 733 543 XOR
2 1 30 733 542 XOR
2 1 542 543 544 AND
2 1 544 733 734 XOR
2 1 665 728 2990 XOR
2 1 31 734 545 XOR
2 1 671 734 2996 XOR
2 1 664 727 2989 XOR
2 1 29 734 546 XOR
2 1 545 546 547 AND
2 1 547 734 735 XOR
2 1 672 735 2997 XOR
2 1 663 726 2988 XOR
2 1 30 735 549 XOR
2 1 32 735 548 XOR
2 1 548 549 550 AND
2 1 550 735 736 XOR
2 1 673 736 2998 XOR
2 1 662 725 2987 XOR
2 1 31 736 552 XOR
2 1 33 736 551 XOR
2 1 551 552 553 AND
2 1 553 736 737 XOR
2 1 674 737 2999 XOR
2 1 661 724 2986 XOR
2 1 32 737 555 XOR
2 1 34 737 554 XOR
2 1 554 555 556 AND
2 1 556 737 738 XOR
2 1 660 723 2985 XOR
2 1 35 738 557 XOR
2 1 675 738 3000 XOR
2 1 659 722 2984 XOR
2 1 33 738 558 XOR
2 1 557 558 559 AND
2 1 559 738 739 XOR
2 1 676 739 3001 XOR
2 1 658 721 2983 XOR
2 1 34 739 561 XOR
2 1 36 739 560 XOR
2 1 560 561 562 AND
2 1 562 739 740 XOR
2 1 677 740 3002 XOR
2 1 657 720 2982 XOR
2 1 35 740 564 XOR
2 1 37 740 563 XOR
2 1 563 564 565 AND
2 1 565 740 741 XOR
2 1 678 741 3003 XOR
2 1 656 719 2981 XOR
2 1 36 741 567 XOR
2 1 38 741 566 XOR
2 1 566 567 568 AND
2 1 568 741 742 XOR
2 1 655 718 2980 XOR
2 1 39 742 569 XOR
2 1 679 742 3004 XOR
2 1 654 717 2979 XOR
2 1 37 742 570 XOR
2 1 569 570 571 AND
2 1 571 742 743 XOR
2 1 680 743 3005 XOR
2 1 653 716 2978 XOR
2 1 38 743 573 XOR
2 1 40 743 572 XOR
2 1 572 573 574 AND
2 1 574 743 744 XOR
2 1 681 744 3006 XOR
2 1 652 715 2977 XOR
2 1 39 744 576 XOR
2 1 41 744 575 XOR
2 1 575 576 577 AND
2 1 577 744 745 XOR
2 1 682 745 3007 XOR
2 1 651 714 2976 XOR
2 1 40 745 579 XOR
2 1 42 745 578 XOR
2 1 578 579 580 AND
2 1 580 745 746 XOR
2 1 650 713 2975 XOR
2 1 43 746 581 XOR
2 1 683 746 3008 XOR
2 1 649 712 2974 XOR
2 1 41 746 582 XOR
2 1 581 582 583 AND
2 1 583 746 747 XOR
2 1 684 747 3009 XOR
2 1 648 711 2973 XOR
2 1 42 747 585 XOR
2 1 44 747 584 XOR
2 1 584 585 586 AND
2 1 586 747 748 XOR
2 1 685 748 3010 XOR
2 1 647 710 2972 XOR
2 1 43 748 588 XOR
2 1 45 748 587 XOR
2 1 587 588 589 AND
2 1 589 748 749 XOR
2 1 686 749 3011 XOR
2 1 646 709 2971 XOR
2 1 44 749 591 XOR
2 1 46 749 590 XOR
2 1 590 591 592 AND
2 1 592 749 750 XOR
2 1 645 708 2970 XOR
2 1 47 750 593 XOR
2 1 687 750 3012 XOR
2 1 644 707 2969 XOR
2 1 45 750 594 XOR
2 1 593 594 595 AND
2 1 595 750 751 XOR
2 1 688 751 3013 XOR
2 1 643 706 2968 XOR
2 1 46 751 597 XOR
2 1 48 751 596 XOR
2 1 596 597 598 AND
2 1 598 751 752 XOR
2 1 689 752 3014 XOR
2 1 642 705 2967 XOR
2 1 47 752 600 XOR
2 1 49 752 599 XOR
2 1 599 600 601 AND
2 1 601 752 753 XOR
2 1 690 753 3015 XOR
2 1 641 704 2966 XOR
2 1 48 753 603 XOR
2 1 50 753 602 XOR
2 1 602 603 604 AND
2 1 604 753 754 XOR
2 1 49 754 606 XOR
2 1 51 754 605 XOR
2 1 605 606 607 AND
2 1 607 754 755 XOR
2 1 50 755 609 XOR
2 1 52 755 608 XOR
2 1 608 609 610 AND
2 1 610 755 756 XOR
2 1 51 756 612 XOR
2 1 53 756 611 XOR
2 1 611 612 613 AND
2 1 613 756 757 XOR
2 1 52 757 615 XOR
2 1 54 757 614 XOR
2 1 614 615 616 AND
2 1 616 757 758 XOR
2 1 53 758 618 XOR
2 1 55 758 617 XOR
2 1 617 618 619 AND
2 1 619 758 759 XOR
2 1 54 759 621 XOR
2 1 56 759 620 XOR
2 1 620 621 622 AND
2 1 622 759 760 XOR
2 1 697 760 3022 XOR
2 1 55 760 624 XOR
2 1 57 760 623 XOR
2 1 623 624 625 AND
2 1 625 760 761 XOR
2 1 698 761 3023 XOR
2 1 696 759 3021 XOR
2 1 56 761 627 XOR
2 1 58 761 626 XOR
2 1 626 627 628 AND
2 1 628 761 762 XOR
2 1 699 762 3024 XOR
2 1 695 758 3020 XOR
2 1 57 762 630 XOR
2 1 59 762 629 XOR
2 1 629 630 631 AND
2 1 631 762 763 XOR
2 1 694 757 3019 XOR
2 1 60 763 632 XOR
2 1 700 763 3025 XOR
2 1 693 756 3018 XOR
2 1 58 763 633 XOR
2 1 632 633 634 AND
2 1 634 763 764 XOR
2 1 701 764 3026 XOR
2 1 692 755 3017 XOR
2 1 59 764 636 XOR
2 1 61 764 635 XOR
2 1 635 636 637 AND
2 1 637 764 765 XOR
2 1 702 765 3027 XOR
2 1 691 754 3016 XOR
2 1 60 765 639 XOR
2 1 62 765 638 XOR
2 1 638 639 640 AND
2 1 640 765 766 XOR
2 1 703 766 3028 XOR
2 1 64 68 831 AND
2 1 65 68 832 AND
2 1 63 61 1081 XOR
2 1 62 60 1080 XOR
2 1 61 59 1079 XOR
2 1 60 58 1078 XOR
2 1 59 57 1077 XOR
2 1 58 56 1076 XOR
2 1 57 55 1075 XOR
2 1 56 54 1074 XOR
2 1 55 53 1073 XOR
2 1 54 52 1072 XOR
2 1 53 51 1071 XOR
2 1 52 50 1070 XOR
2 1 51 49 1069 XOR
2 1 50 48 1068 XOR
2 1 49 47 1067 XOR
2 1 48 46 1066 XOR
2 1 47 45 1065 XOR
2 1 46 44 1064 XOR
2 1 45 43 1063 XOR
2 1 44 42 1062 XOR
2 1 43 41 1061 XOR
2 1 42 40 1060 XOR
2 1 41 39 1059 XOR
2 1 40 38 1058 XOR
2 1 39 37 1057 XOR
2 1 38 36 1056 XOR
2 1 37 35 1055 XOR
2 1 36 34 1054 XOR
2 1 35 33 1053 XOR
2 1 34 32 1052 XOR
2 1 33 31 1051 XOR
2 1 32 30 1050 XOR
2 1 31 29 1049 XOR
2 1 30 28 1048 XOR
2 1 29 27 1047 XOR
2 1 28 26 1046 XOR
2 1 27 25 1045 XOR
2 1 26 24 1044 XOR
2 1 25 23 1043 XOR
2 1 24 22 1042 XOR
2 1 23 21 1041 XOR
2 1 22 20 1040 XOR
2 1 21 19 1039 XOR
2 1 20 18 1038 XOR
2 1 19 17 1037 XOR
2 1 18 16 1036 XOR
2 1 17 15 1035 XOR
2 1 16 14 1034 XOR
2 1 15 13 1033 XOR
2 1 14 12 1032 XOR
2 1 13 11 1031 XOR
2 1 12 10 1030 XOR
2 1 11 9 1029 XOR
2 1 10 8 1028 XOR
2 1 9 7 1027 XOR
2 1 8 6 1026 XOR
2 1 7 5 1025 XOR
2 1 6 4 1024 XOR
2 1 5 3 1023 XOR
2 1 4 2 1022 XOR
2 1 3 1 1021 XOR
2 1 2 0 1020 XOR
2 1 1 832 1019 XOR
2 1 0 831 3029 XOR
2 1 0 831 1082 AND
2 1 832 1082 834 XOR
2 1 1 1082 833 XOR
2 1 833 834 835 AND
2 1 835 1082 1083 XOR
2 1 0 1083 837 XOR
2 1 2 1083 836 XOR
2 1 836 837 838 AND
2 1 838 1083 1084 XOR
2 1 1 1084 840 XOR
2 1 3 1084 839 XOR
2 1 839 840 841 AND
2 1 841 1084 1085 XOR
2 1 2 1085 843 XOR
2 1 4 1085 842 XOR
2 1 842 843 844 AND
2 1 844 1085 1086 XOR
2 1 3 1086 846 XOR
2 1 5 1086 845 XOR
2 1 845 846 847 AND
2 1 847 1086 1087 XOR
2 1 4 1087 849 XOR
2 1 6 1087 848 XOR
2 1 848 849 850 AND
2 1 850 1087 1088 XOR
2 1 5 1088 852 XOR
2 1 7 1088 851 XOR
2 1 851 852 853 AND
2 1 853 1088 1089 XOR
2 1 6 1089 855 XOR
2 1 8 1089 854 XOR
2 1 854 855 856 AND
2 1 856 1089 1090 XOR
2 1 7 1090 858 XOR
2 1 9 1090 857 XOR
2 1 857 858 859 AND
2 1 859 1090 1091 XOR
2 1 8 1091 861 XOR
2 1 10 1091 860 XOR
2 1 860 861 862 AND
2 1 862 1091 1092 XOR
2 1 9 1092 864 XOR
2 1 11 1092 863 XOR
2 1 863 864 865 AND
2 1 865 1092 1093 XOR
2 1 10 1093 867 XOR
2 1 12 1093 866 XOR
2 1 866 867 868 AND
2 1 868 1093 1094 XOR
2 1 11 1094 870 XOR
2 1 13 1094 869 XOR
2 1 869 870 871 AND
2 1 871 1094 1095 XOR
2 1 12 1095 873 XOR
2 1 14 1095 872 XOR
2 1 872 873 874 AND
2 1 874 1095 1096 XOR
2 1 13 1096 876 XOR
2 1 15 1096 875 XOR
2 1 875 876 877 AND
2 1 877 1096 1097 XOR
2 1 14 1097 879 XOR
2 1 16 1097 878 XOR
2 1 878 879 880 AND
2 1 880 1097 1098 XOR
2 1 15 1098 882 XOR
2 1 17 1098 881 XOR
2 1 881 882 883 AND
2 1 883 1098 1099 XOR
2 1 16 1099 885 XOR
2 1 18 1099 884 XOR
2 1 884 885 886 AND
2 1 886 1099 1100 XOR
2 1 17 1100 888 XOR
2 1 19 1100 887 XOR
2 1 887 888 889 AND
2 1 889 1100 1101 XOR
2 1 18 1101 891 XOR
2 1 20 1101 890 XOR
2 1 890 891 892 AND
2 1 892 1101 1102 XOR
2 1 19 1102 894 XOR
2 1 21 1102 893 XOR
2 1 893 894 895 AND
2 1 895 1102 1103 XOR
2 1 20 1103 897 XOR
2 1 22 1103 896 XOR
2 1 896 897 898 AND
2 1 898 1103 1104 XOR
2 1 21 1104 900 XOR
2 1 23 1104 899 XOR
2 1 899 900 901 AND
2 1 901 1104 1105 XOR
2 1 22 1105 903 XOR
2 1 24 1105 902 XOR
2 1 902 903 904 AND
2 1 904 1105 1106 XOR
2 1 23 1106 906 XOR
2 1 25 1106 905 XOR
2 1 905 906 907 AND
2 1 907 1106 1107 XOR
2 1 24 1107 909 XOR
2 1 26 1107 908 XOR
2 1 908 909 910 AND
2 1 910 1107 1108 XOR
2 1 25 1108 912 XOR
2 1 27 1108 911 XOR
2 1 911 912 913 AND
2 1 913 1108 1109 XOR
2 1 1046 1109 3057 XOR
2 1 26 1109 915 XOR
2 1 28 1109 914 XOR
2 1 914 915 916 AND
2 1 916 1109 1110 XOR
2 1 1047 1110 3058 XOR
2 1 1045 1108 3056 XOR
2 1 27 1110 918 XOR
2 1 29 1110 917 XOR
2 1 917 918 919 AND
2 1 919 1110 1111 XOR
2 1 1048 1111 3059 XOR
2 1 1044 1107 3055 XOR
2 1 28 1111 921 XOR
2 1 30 1111 920 XOR
2 1 920 921 922 AND
2 1 922 1111 1112 XOR
2 1 1043 1106 3054 XOR
2 1 31 1112 923 XOR
2 1 1049 1112 3060 XOR
2 1 1042 1105 3053 XOR
2 1 29 1112 924 XOR
2 1 923 924 925 AND
2 1 925 1112 1113 XOR
2 1 1050 1113 3061 XOR
2 1 1041 1104 3052 XOR
2 1 30 1113 927 XOR
2 1 32 1113 926 XOR
2 1 926 927 928 AND
2 1 928 1113 1114 XOR
2 1 1051 1114 3062 XOR
2 1 1040 1103 3051 XOR
2 1 31 1114 930 XOR
2 1 33 1114 929 XOR
2 1 929 930 931 AND
2 1 931 1114 1115 XOR
2 1 1052 1115 3063 XOR
2 1 1039 1102 3050 XOR
2 1 32 1115 933 XOR
2 1 34 1115 932 XOR
2 1 932 933 934 AND
2 1 934 1115 1116 XOR
2 1 1038 1101 3049 XOR
2 1 35 1116 935 XOR
2 1 1053 1116 3064 XOR
2 1 1037 1100 3048 XOR
2 1 33 1116 936 XOR
2 1 935 936 937 AND
2 1 937 1116 1117 XOR
2 1 1054 1117 3065 XOR
2 1 1036 1099 3047 XOR
2 1 34 1117 939 XOR
2 1 36 1117 938 XOR
2 1 938 939 940 AND
2 1 940 1117 1118 XOR
2 1 1055 1118 3066 XOR
2 1 1035 1098 3046 XOR
2 1 35 1118 942 XOR
2 1 37 1118 941 XOR
2 1 941 942 943 AND
2 1 943 1118 1119 XOR
2 1 1056 1119 3067 XOR
2 1 1034 1097 3045 XOR
2 1 36 1119 945 XOR
2 1 38 1119 944 XOR
2 1 944 945 946 AND
2 1 946 1119 1120 XOR
2 1 1033 1096 3044 XOR
2 1 39 1120 947 XOR
2 1 1057 1120 3068 XOR
2 1 1032 1095 3043 XOR
2 1 37 1120 948 XOR
2 1 947 948 949 AND
2 1 949 1120 1121 XOR
2 1 1058 1121 3069 XOR
2 1 1031 1094 3042 XOR
2 1 38 1121 951 XOR
2 1 40 1121 950 XOR
2 1 950 951 952 AND
2 1 952 1121 1122 XOR
2 1 1059 1122 3070 XOR
2 1 1030 1093 3041 XOR
2 1 39 1122 954 XOR
2 1 41 1122 953 XOR
2 1 953 954 955 AND
2 1 955 1122 1123 XOR
2 1 1060 1123 3071 XOR
2 1 1029 1092 3040 XOR
2 1 40 1123 957 XOR
2 1 42 1123 956 XOR
2 1 956 957 958 AND
2 1 958 1123 1124 XOR
2 1 1028 1091 3039 XOR
2 1 43 1124 959 XOR
2 1 1061 1124 3072 XOR
2 1 1027 1090 3038 XOR
2 1 41 1124 960 XOR
2 1 959 960 961 AND
2 1 961 1124 1125 XOR
2 1 1062 1125 3073 XOR
2 1 1026 1089 3037 XOR
2 1 42 1125 963 XOR
2 1 44 1125 962 XOR
2 1 962 963 964 AND
2 1 964 1125 1126 XOR
2 1 1063 1126 3074 XOR
2 1 1025 1088 3036 XOR
2 1 43 1126 966 XOR
2 1 45 1126 965 XOR
2 1 965 966 967 AND
2 1 967 1126 1127 XOR
2 1 1064 1127 3075 XOR
2 1 1024 1087 3035 XOR
2 1 44 1127 969 XOR
2 1 46 1127 968 XOR
2 1 968 969 970 AND
2 1 970 1127 1128 XOR
2 1 1023 1086 3034 XOR
2 1 47 1128 971 XOR
2 1 1065 1128 3076 XOR
2 1 1022 1085 3033 XOR
2 1 45 1128 972 XOR
2 1 971 972 973 AND
2 1 973 1128 1129 XOR
2 1 1066 1129 3077 XOR
2 1 1021 1084 3032 XOR
2 1 46 1129 975 XOR
2 1 48 1129 974 XOR
2 1 974 975 976 AND
2 1 976 1129 1130 XOR
2 1 1067 1130 3078 XOR
2 1 1020 1083 3031 XOR
2 1 47 1130 978 XOR
2 1 49 1130 977 XOR
2 1 977 978 979 AND
2 1 979 1130 1131 XOR
2 1 1068 1131 3079 XOR
2 1 1019 1082 3030 XOR
2 1 48 1131 981 XOR
2 1 50 1131 980 XOR
2 1 980 981 982 AND
2 1 982 1131 1132 XOR
2 1 49 1132 984 XOR
2 1 51 1132 983 XOR
2 1 983 984 985 AND
2 1 985 1132 1133 XOR
2 1 50 1133 987 XOR
2 1 52 1133 986 XOR
2 1 986 987 988 AND
2 1 988 1133 1134 XOR
2 1 51 1134 990 XOR
2 1 53 1134 989 XOR
2 1 989 990 991 AND
2 1 991 1134 1135 XOR
2 1 52 1135 993 XOR
2 1 54 1135 992 XOR
2 1 992 993 994 AND
2 1 994 1135 1136 XOR
2 1 53 1136 996 XOR
2 1 55 1136 995 XOR
2 1 995 996 997 AND
2 1 997 1136 1137 XOR
2 1 54 1137 999 XOR
2 1 56 1137 998 XOR
2 1 998 999 1000 AND
2 1 1000 1137 1138 XOR
2 1 1075 1138 3086 XOR
2 1 55 1138 1002 XOR
2 1 57 1138 1001 XOR
2 1 1001 1002 1003 AND
2 1 1003 1138 1139 XOR
2 1 1076 1139 3087 XOR
2 1 1074 1137 3085 XOR
2 1 56 1139 1005 XOR
2 1 58 1139 1004 XOR
2 1 1004 1005 1006 AND
2 1 1006 1139 1140 XOR
2 1 1077 1140 3088 XOR
2 1 1073 1136 3084 XOR
2 1 57 1140 1008 XOR
2 1 59 1140 1007 XOR
2 1 1007 1008 1009 AND
2 1 1009 1140 1141 XOR
2 1 1072 1135 3083 XOR
2 1 60 1141 1010 XOR
2 1 1078 1141 3089 XOR
2 1 1071 1134 3082 XOR
2 1 58 1141 1011 XOR
2 1 1010 1011 1012 AND
2 1 1012 1141 1142 XOR
2 1 1079 1142 3090 XOR
2 1 1070 1133 3081 XOR
2 1 59 1142 1014 XOR
2 1 61 1142 1013 XOR
2 1 1013 1014 1015 AND
2 1 1015 1142 1143 XOR
2 1 1080 1143 3091 XOR
2 1 1069 1132 3080 XOR
2 1 60 1143 1017 XOR
2 1 62 1143 1016 XOR
2 1 1016 1017 1018 AND
2 1 1018 1143 1144 XOR
2 1 1081 1144 3092 XOR
2 1 64 69 1209 AND
2 1 65 69 1210 AND
2 1 63 61 1459 XOR
2 1 62 60 1458 XOR
2 1 61 59 1457 XOR
2 1 60 58 1456 XOR
2 1 59 57 1455 XOR
2 1 58 56 1454 XOR
2 1 57 55 1453 XOR
2 1 56 54 1452 XOR
2 1 55 53 1451 XOR
2 1 54 52 1450 XOR
2 1 53 51 1449 XOR
2 1 52 50 1448 XOR
2 1 51 49 1447 XOR
2 1 50 48 1446 XOR
2 1 49 47 1445 XOR
2 1 48 46 1444 XOR
2 1 47 45 1443 XOR
2 1 46 44 1442 XOR
2 1 45 43 1441 XOR
2 1 44 42 1440 XOR
2 1 43 41 1439 XOR
2 1 42 40 1438 XOR
2 1 41 39 1437 XOR
2 1 40 38 1436 XOR
2 1 39 37 1435 XOR
2 1 38 36 1434 XOR
2 1 37 35 1433 XOR
2 1 36 34 1432 XOR
2 1 35 33 1431 XOR
2 1 34 32 1430 XOR
2 1 33 31 1429 XOR
2 1 32 30 1428 XOR
2 1 31 29 1427 XOR
2 1 30 28 1426 XOR
2 1 29 27 1425 XOR
2 1 28 26 1424 XOR
2 1 27 25 1423 XOR
2 1 26 24 1422 XOR
2 1 25 23 1421 XOR
2 1 24 22 1420 XOR
2 1 23 21 1419 XOR
2 1 22 20 1418 XOR
2 1 21 19 1417 XOR
2 1 20 18 1416 XOR
2 1 19 17 1415 XOR
2 1 18 16 1414 XOR
2 1 17 15 1413 XOR
2 1 16 14 1412 XOR
2 1 15 13 1411 XOR
2 1 14 12 1410 XOR
2 1 13 11 1409 XOR
2 1 12 10 1408 XOR
2 1 11 9 1407 XOR
2 1 10 8 1406 XOR
2 1 9 7 1405 XOR
2 1 8 6 1404 XOR
2 1 7 5 1403 XOR
2 1 6 4 1402 XOR
2 1 5 3 1401 XOR
2 1 4 2 1400 XOR
2 1 3 1 1399 XOR
2 1 2 0 1398 XOR
2 1 1 1210 1397 XOR
2 1 0 1209 3093 XOR
2 1 0 1209 1460 AND
2 1 1210 1460 1212 XOR
2 1 1 1460 1211 XOR
2 1 1211 1212 1213 AND
2 1 1213 1460 1461 XOR
2 1 0 1461 1215 XOR
2 1 2 1461 1214 XOR
2 1 1214 1215 1216 AND
2 1 1216 1461 1462 XOR
2 1 1 1462 1218 XOR
2 1 3 1462 1217 XOR
2 1 1217 1218 1219 AND
2 1 1219 1462 1463 XOR
2 1 2 1463 1221 XOR
2 1 4 1463 1220 XOR
2 1 1220 1221 1222 AND
2 1 1222 1463 1464 XOR
2 1 3 1464 1224 XOR
2 1 5 1464 1223 XOR
2 1 1223 1224 1225 AND
2 1 1225 1464 1465 XOR
2 1 4 1465 1227 XOR
2 1 6 1465 1226 XOR
2 1 1226 1227 1228 AND
2 1 1228 1465 1466 XOR
2 1 5 1466 1230 XOR
2 1 7 1466 1229 XOR
2 1 1229 1230 1231 AND
2 1 1231 1466 1467 XOR
2 1 6 1467 1233 XOR
2 1 8 1467 1232 XOR
2 1 1232 1233 1234 AND
2 1 1234 1467 1468 XOR
2 1 7 1468 1236 XOR
2 1 9 1468 1235 XOR
2 1 1235 1236 1237 AND
2 1 1237 1468 1469 XOR
2 1 8 1469 1239 XOR
2 1 10 1469 1238 XOR
2 1 1238 1239 1240 AND
2 1 1240 1469 1470 XOR
2 1 9 1470 1242 XOR
2 1 11 1470 1241 XOR
2 1 1241 1242 1243 AND
2 1 1243 1470 1471 XOR
2 1 10 1471 1245 XOR
2 1 12 1471 1244 XOR
2 1 1244 1245 1246 AND
2 1 1246 1471 1472 XOR
2 1 11 1472 1248 XOR
2 1 13 1472 1247 XOR
2 1 1247 1248 1249 AND
2 1 1249 1472 1473 XOR
2 1 12 1473 1251 XOR
2 1 14 1473 1250 XOR
2 1 1250 1251 1252 AND
2 1 1252 1473 1474 XOR
2 1 13 1474 1254 XOR
2 1 15 1474 1253 XOR
2 1 1253 1254 1255 AND
2 1 1255 1474 1475 XOR
2 1 14 1475 1257 XOR
2 1 16 1475 1256 XOR
2 1 1256 1257 1258 AND
2 1 1258 1475 1476 XOR
2 1 15 1476 1260 XOR
2 1 17 1476 1259 XOR
2 1 1259 1260 1261 AND
2 1 1261 1476 1477 XOR
2 1 16 1477 1263 XOR
2 1 18 1477 1262 XOR
2 1 1262 1263 1264 AND
2 1 1264 1477 1478 XOR
2 1 17 1478 1266 XOR
2 1 19 1478 1265 XOR
2 1 1265 1266 1267 AND
2 1 1267 1478 1479 XOR
2 1 18 1479 1269 XOR
2 1 20 1479 1268 XOR
2 1 1268 1269 1270 AND
2 1 1270 1479 1480 XOR
2 1 19 1480 1272 XOR
2 1 21 1480 1271 XOR
2 1 1271 1272 1273 AND
2 1 1273 1480 1481 XOR
2 1 20 1481 1275 XOR
2 1 22 1481 1274 XOR
2 1 1274 1275 1276 AND
2 1 1276 1481 1482 XOR
2 1 21 1482 1278 XOR
2 1 23 1482 1277 XOR
2 1 1277 1278 1279 AND
2 1 1279 1482 1483 XOR
2 1 22 1483 1281 XOR
2 1 24 1483 1280 XOR
2 1 1280 1281 1282 AND
2 1 1282 1483 1484 XOR
2 1 23 1484 1284 XOR
2 1 25 1484 1283 XOR
2 1 1283 1284 1285 AND
2 1 1285 1484 1485 XOR
2 1 24 1485 1287 XOR
2 1 26 1485 1286 XOR
2 1 1286 1287 1288 AND
2 1 1288 1485 1486 XOR
2 1 25 1486 1290 XOR
2 1 27 1486 1289 XOR
2 1 1289 1290 1291 AND
2 1 1291 1486 1487 XOR
2 1 1424 1487 3121 XOR
2 1 26 1487 1293 XOR
2 1 28 1487 1292 XOR
2 1 1292 1293 1294 AND
2 1 1294 1487 1488 XOR
2 1 1425 1488 3122 XOR
2 1 1423 1486 3120 XOR
2 1 27 1488 1296 XOR
2 1 29 1488 1295 XOR
2 1 1295 1296 1297 AND
2 1 1297 1488 1489 XOR
2 1 1426 1489 3123 XOR
2 1 1422 1485 3119 XOR
2 1 28 1489 1299 XOR
2 1 30 1489 1298 XOR
2 1 1298 1299 1300 AND
2 1 1300 1489 1490 XOR
2 1 1421 1484 3118 XOR
2 1 31 1490 1301 XOR
2 1 1427 1490 3124 XOR
2 1 1420 1483 3117 XOR
2 1 29 1490 1302 XOR
2 1 1301 1302 1303 AND
2 1 1303 1490 1491 XOR
2 1 1428 1491 3125 XOR
2 1 1419 1482 3116 XOR
2 1 30 1491 1305 XOR
2 1 32 1491 1304 XOR
2 1 1304 1305 1306 AND
2 1 1306 1491 1492 XOR
2 1 1429 1492 3126 XOR
2 1 1418 1481 3115 XOR
2 1 31 1492 1308 XOR
2 1 33 1492 1307 XOR
2 1 1307 1308 1309 AND
2 1 1309 1492 1493 XOR
2 1 1430 1493 3127 XOR
2 1 1417 1480 3114 XOR
2 1 32 1493 1311 XOR
2 1 34 1493 1310 XOR
2 1 1310 1311 1312 AND
2 1 1312 1493 1494 XOR
2 1 1416 1479 3113 XOR
2 1 35 1494 1313 XOR
2 1 1431 1494 3128 XOR
2 1 1415 1478 3112 XOR
2 1 33 1494 1314 XOR
2 1 1313 1314 1315 AND
2 1 1315 1494 1495 XOR
2 1 1432 1495 3129 XOR
2 1 1414 1477 3111 XOR
2 1 34 1495 1317 XOR
2 1 36 1495 1316 XOR
2 1 1316 1317 1318 AND
2 1 1318 1495 1496 XOR
2 1 1433 1496 3130 XOR
2 1 1413 1476 3110 XOR
2 1 35 1496 1320 XOR
2 1 37 1496 1319 XOR
2 1 1319 1320 1321 AND
2 1 1321 1496 1497 XOR
2 1 1434 1497 3131 XOR
2 1 1412 1475 3109 XOR
2 1 36 1497 1323 XOR
2 1 38 1497 1322 XOR
2 1 1322 1323 1324 AND
2 1 1324 1497 1498 XOR
2 1 1411 1474 3108 XOR
2 1 39 1498 1325 XOR
2 1 1435 1498 3132 XOR
2 1 1410 1473 3107 XOR
2 1 37 1498 1326 XOR
2 1 1325 1326 1327 AND
2 1 1327 1498 1499 XOR
2 1 1436 1499 3133 XOR
2 1 1409 1472 3106 XOR
2 1 38 1499 1329 XOR
2 1 40 1499 1328 XOR
2 1 1328 1329 1330 AND
2 1 1330 1499 1500 XOR
2 1 1437 1500 3134 XOR
2 1 1408 1471 3105 XOR
2 1 39 1500 1332 XOR
2 1 41 1500 1331 XOR
2 1 1331 1332 1333 AND
2 1 1333 1500 1501 XOR
2 1 1438 1501 3135 XOR
2 1 1407 1470 3104 XOR
2 1 40 1501 1335 XOR
2 1 42 1501 1334 XOR
2 1 1334 1335 1336 AND
2 1 1336 1501 1502 XOR
2 1 1406 1469 3103 XOR
2 1 43 1502 1337 XOR
2 1 1439 1502 3136 XOR
2 1 1405 1468 3102 XOR
2 1 41 1502 1338 XOR
2 1 1337 1338 1339 AND
2 1 1339 1502 1503 XOR
2 1 1440 1503 3137 XOR
2 1 1404 1467 3101 XOR
2 1 42 1503 1341 XOR
2 1 44 1503 1340 XOR
2 1 1340 1341 1342 AND
2 1 1342 1503 1504 XOR
2 1 1441 1504 3138 XOR
2 1 1403 1466 3100 XOR
2 1 43 1504 1344 XOR
2 1 45 1504 1343 XOR
2 1 1343 1344 1345 AND
2 1 1345 1504 1505 XOR
2 1 1442 1505 3139 XOR
2 1 1402 1465 3099 XOR
2 1 44 1505 1347 XOR
2 1 46 1505 1346 XOR
2 1 1346 1347 1348 AND
2 1 1348 1505 1506 XOR
2 1 1401 1464 3098 XOR
2 1 47 1506 1349 XOR
2 1 1443 1506 3140 XOR
2 1 1400 1463 3097 XOR
2 1 45 1506 1350 XOR
2 1 1349 1350 1351 AND
2 1 1351 1506 1507 XOR
2 1 1444 1507 3141 XOR
2 1 1399 1462 3096 XOR
2 1 46 1507 1353 XOR
2 1 48 1507 1352 XOR
2 1 1352 1353 1354 AND
2 1 1354 1507 1508 XOR
2 1 1445 1508 3142 XOR
2 1 1398 1461 3095 XOR
2 1 47 1508 1356 XOR
2 1 49 1508 1355 XOR
2 1 1355 1356 1357 AND
2 1 1357 1508 1509 XOR
2 1 1446 1509 3143 XOR
2 1 1397 1460 3094 XOR
2 1 48 1509 1359 XOR
2 1 50 1509 1358 XOR
2 1 1358 1359 1360 AND
2 1 1360 1509 1510 XOR
2 1 49 1510 1362 XOR
2 1 51 1510 1361 XOR
2 1 1361 1362 1363 AND
2 1 1363 1510 1511 XOR
2 1 50 1511 1365 XOR
2 1 52 1511 1364 XOR
2 1 1364 1365 1366 AND
2 1 1366 1511 1512 XOR
2 1 51 1512 1368 XOR
2 1 53 1512 1367 XOR
2 1 1367 1368 1369 AND
2 1 1369 1512 1513 XOR
2 1 52 1513 1371 XOR
2 1 54 1513 1370 XOR
2 1 1370 1371 1372 AND
2 1 1372 1513 1514 XOR
2 1 53 1514 1374 XOR
2 1 55 1514 1373 XOR
2 1 1373 1374 1375 AND
2 1 1375 1514 1515 XOR
2 1 54 1515 1377 XOR
2 1 56 1515 1376 XOR
2 1 1376 1377 1378 AND
2 1 1378 1515 1516 XOR
2 1 1453 1516 3150 XOR
2 1 55 1516 1380 XOR
2 1 57 1516 1379 XOR
2 1 1379 1380 1381 AND
2 1 1381 1516 1517 XOR
2 1 1454 1517 3151 XOR
2 1 1452 1515 3149 XOR
2 1 56 1517 1383 XOR
2 1 58 1517 1382 XOR
2 1 1382 1383 1384 AND
2 1 1384 1517 1518 XOR
2 1 1455 1518 3152 XOR
2 1 1451 1514 3148 XOR
2 1 57 1518 1386 XOR
2 1 59 1518 1385 XOR
2 1 1385 1386 1387 AND
2 1 1387 1518 1519 XOR
2 1 1450 1513 3147 XOR
2 1 60 1519 1388 XOR
2 1 1456 1519 3153 XOR
2 1 1449 1512 3146 XOR
2 1 58 1519 1389 XOR
2 1 1388 1389 1390 AND
2 1 1390 1519 1520 XOR
2 1 1457 1520 3154 XOR
2 1 1448 1511 3145 XOR
2 1 59 1520 1392 XOR
2 1 61 1520 1391 XOR
2 1 1391 1392 1393 AND
2 1 1393 1520 1521 XOR
2 1 1458 1521 3155 XOR
2 1 1447 1510 3144 XOR
2 1 60 1521 1395 XOR
2 1 62 1521 1394 XOR
2 1 1394 1395 1396 AND
2 1 1396 1521 1522 XOR
2 1 1459 1522 3156 XOR
2 1 64 70 1587 AND
2 1 65 70 1588 AND
2 1 63 61 1837 XOR
2 1 62 60 1836 XOR
2 1 61 59 1835 XOR
2 1 60 58 1834 XOR
2 1 59 57 1833 XOR
2 1 58 56 1832 XOR
2 1 57 55 1831 XOR
2 1 56 54 1830 XOR
2 1 55 53 1829 XOR
2 1 54 52 1828 XOR
2 1 53 51 1827 XOR
2 1 52 50 1826 XOR
2 1 51 49 1825 XOR
2 1 50 48 1824 XOR
2 1 49 47 1823 XOR
2 1 48 46 1822 XOR
2 1 47 45 1821 XOR
2 1 46 44 1820 XOR
2 1 45 43 1819 XOR
2 1 44 42 1818 XOR
2 1 43 41 1817 XOR
2 1 42 40 1816 XOR
2 1 41 39 1815 XOR
2 1 40 38 1814 XOR
2 1 39 37 1813 XOR
2 1 38 36 1812 XOR
2 1 37 35 1811 XOR
2 1 36 34 1810 XOR
2 1 35 33 1809 XOR
2 1 34 32 1808 XOR
2 1 33 31 1807 XOR
2 1 32 30 1806 XOR
2 1 31 29 1805 XOR
2 1 30 28 1804 XOR
2 1 29 27 1803 XOR
2 1 28 26 1802 XOR
2 1 27 25 1801 XOR
2 1 26 24 1800 XOR
2 1 25 23 1799 XOR
2 1 24 22 1798 XOR
2 1 23 21 1797 XOR
2 1 22 20 1796 XOR
2 1 21 19 1795 XOR
2 1 20 18 1794 XOR
2 1 19 17 1793 XOR
2 1 18 16 1792 XOR
2 1 17 15 1791 XOR
2 1 16 14 1790 XOR
2 1 15 13 1789 XOR
2 1 14 12 1788 XOR
2 1 13 11 1787 XOR
2 1 12 10 1786 XOR
2 1 11 9 1785 XOR
2 1 10 8 1784 XOR
2 1 9 7 1783 XOR
2 1 8 6 1782 XOR
2 1 7 5 1781 XOR
2 1 6 4 1780 XOR
2 1 5 3 1779 XOR
2 1 4 2 1778 XOR
2 1 3 1 1777 XOR
2 1 2 0 1776 XOR
2 1 1 1588 1775 XOR
2 1 0 1587 3157 XOR
2 1 0 1587 1838 AND
2 1 1588 1838 1590 XOR
2 1 1 1838 1589 XOR
2 1 1589 1590 1591 AND
2 1 1591 1838 1839 XOR
2 1 0 1839 1593 XOR
2 1 2 1839 1592 XOR
2 1 1592 1593 1594 AND
2 1 1594 1839 1840 XOR
2 1 1 1840 1596 XOR
2 1 3 1840 1595 XOR
2 1 1595 1596 1597 AND
2 1 1597 1840 1841 XOR
2 1 2 1841 1599 XOR
2 1 4 1841 1598 XOR
2 1 1598 1599 1600 AND
2 1 1600 1841 1842 XOR
2 1 3 1842 1602 XOR
2 1 5 1842 1601 XOR
2 1 1601 1602 1603 AND
2 1 1603 1842 1843 XOR
2 1 4 1843 1605 XOR
2 1 6 1843 1604 XOR
2 1 1604 1605 1606 AND
2 1 1606 1843 1844 XOR
2 1 5 1844 1608 XOR
2 1 7 1844 1607 XOR
2 1 1607 1608 1609 AND
2 1 1609 1844 1845 XOR
2 1 6 1845 1611 XOR
2 1 8 1845 1610 XOR
2 1 1610 1611 1612 AND
2 1 1612 1845 1846 XOR
2 1 7 1846 1614 XOR
2 1 9 1846 1613 XOR
2 1 1613 1614 1615 AND
2 1 1615 1846 1847 XOR
2 1 8 1847 1617 XOR
2 1 10 1847 1616 XOR
2 1 1616 1617 1618 AND
2 1 1618 1847 1848 XOR
2 1 9 1848 1620 XOR
2 1 11 1848 1619 XOR
2 1 1619 1620 1621 AND
2 1 1621 1848 1849 XOR
2 1 10 1849 1623 XOR
2 1 12 1849 1622 XOR
2 1 1622 1623 1624 AND
2 1 1624 1849 1850 XOR
2 1 11 1850 1626 XOR
2 1 13 1850 1625 XOR
2 1 1625 1626 1627 AND
2 1 1627 1850 1851 XOR
2 1 12 1851 1629 XOR
2 1 14 1851 1628 XOR
2 1 1628 1629 1630 AND
2 1 1630 1851 1852 XOR
2 1 13 1852 1632 XOR
2 1 15 1852 1631 XOR
2 1 1631 1632 1633 AND
2 1 1633 1852 1853 XOR
2 1 14 1853 1635 XOR
2 1 16 1853 1634 XOR
2 1 1634 1635 1636 AND
2 1 1636 1853 1854 XOR
2 1 15 1854 1638 XOR
2 1 17 1854 1637 XOR
2 1 1637 1638 1639 AND
2 1 1639 1854 1855 XOR
2 1 16 1855 1641 XOR
2 1 18 1855 1640 XOR
2 1 1640 1641 1642 AND
2 1 1642 1855 1856 XOR
2 1 17 1856 1644 XOR
2 1 19 1856 1643 XOR
2 1 1643 1644 1645 AND
2 1 1645 1856 1857 XOR
2 1 18 1857 1647 XOR
2 1 20 1857 1646 XOR
2 1 1646 1647 1648 AND
2 1 1648 1857 1858 XOR
2 1 19 1858 1650 XOR
2 1 21 1858 1649 XOR
2 1 1649 1650 1651 AND
2 1 1651 1858 1859 XOR
2 1 20 1859 1653 XOR
2 1 22 1859 1652 XOR
2 1 1652 1653 1654 AND
2 1 1654 1859 1860 XOR
2 1 21 1860 1656 XOR
2 1 23 1860 1655 XOR
2 1 1655 1656 1657 AND
2 1 1657 1860 1861 XOR
2 1 22 1861 1659 XOR
2 1 24 1861 1658 XOR
2 1 1658 1659 1660 AND
2 1 1660 1861 1862 XOR
2 1 23 1862 1662 XOR
2 1 25 1862 1661 XOR
2 1 1661 1662 1663 AND
2 1 1663 1862 1863 XOR
2 1 24 1863 1665 XOR
2 1 26 1863 1664 XOR
2 1 1664 1665 1666 AND
2 1 1666 1863 1864 XOR
2 1 25 1864 1668 XOR
2 1 27 1864 1667 XOR
2 1 1667 1668 1669 AND
2 1 1669 1864 1865 XOR
2 1 1802 1865 3185 XOR
2 1 26 1865 1671 XOR
2 1 28 1865 1670 XOR
2 1 1670 1671 1672 AND
2 1 1672 1865 1866 XOR
2 1 1803 1866 3186 XOR
2 1 1801 1864 3184 XOR
2 1 27 1866 1674 XOR
2 1 29 1866 1673 XOR
2 1 1673 1674 1675 AND
2 1 1675 1866 1867 XOR
2 1 1804 1867 3187 XOR
2 1 1800 1863 3183 XOR
2 1 28 1867 1677 XOR
2 1 30 1867 1676 XOR
2 1 1676 1677 1678 AND
2 1 1678 1867 1868 XOR
2 1 1799 1862 3182 XOR
2 1 31 1868 1679 XOR
2 1 1805 1868 3188 XOR
2 1 1798 1861 3181 XOR
2 1 29 1868 1680 XOR
2 1 1679 1680 1681 AND
2 1 1681 1868 1869 XOR
2 1 1806 1869 3189 XOR
2 1 1797 1860 3180 XOR
2 1 30 1869 1683 XOR
2 1 32 1869 1682 XOR
2 1 1682 1683 1684 AND
2 1 1684 1869 1870 XOR
2 1 1807 1870 3190 XOR
2 1 1796 1859 3179 XOR
2 1 31 1870 1686 XOR
2 1 33 1870 1685 XOR
2 1 1685 1686 1687 AND
2 1 1687 1870 1871 XOR
2 1 1808 1871 3191 XOR
2 1 1795 1858 3178 XOR
2 1 32 1871 1689 XOR
2 1 34 1871 1688 XOR
2 1 1688 1689 1690 AND
2 1 1690 1871 1872 XOR
2 1 1794 1857 3177 XOR
2 1 35 1872 1691 XOR
2 1 1809 1872 3192 XOR
2 1 1793 1856 3176 XOR
2 1 33 1872 1692 XOR
2 1 1691 1692 1693 AND
2 1 1693 1872 1873 XOR
2 1 1810 1873 3193 XOR
2 1 1792 1855 3175 XOR
2 1 34 1873 1695 XOR
2 1 36 1873 1694 XOR
2 1 1694 1695 1696 AND
2 1 1696 1873 1874 XOR
2 1 1811 1874 3194 XOR
2 1 1791 1854 3174 XOR
2 1 35 1874 1698 XOR
2 1 37 1874 1697 XOR
2 1 1697 1698 1699 AND
2 1 1699 1874 1875 XOR
2 1 1812 1875 3195 XOR
2 1 1790 1853 3173 XOR
2 1 36 1875 1701 XOR
2 1 38 1875 1700 XOR
2 1 1700 1701 1702 AND
2 1 1702 1875 1876 XOR
2 1 1789 1852 3172 XOR
2 1 39 1876 1703 XOR
2 1 1813 1876 3196 XOR
2 1 1788 1851 3171 XOR
2 1 37 1876 1704 XOR
2 1 1703 1704 1705 AND
2 1 1705 1876 1877 XOR
2 1 1814 1877 3197 XOR
2 1 1787 1850 3170 XOR
2 1 38 1877 1707 XOR
2 1 40 1877 1706 XOR
2 1 1706 1707 1708 AND
2 1 1708 1877 1878 XOR
2 1 1815 1878 3198 XOR
2 1 1786 1849 3169 XOR
2 1 39 1878 1710 XOR
2 1 41 1878 1709 XOR
2 1 1709 1710 1711 AND
2 1 1711 1878 1879 XOR
2 1 1816 1879 3199 XOR
2 1 1785 1848 3168 XOR
2 1 40 1879 1713 XOR
2 1 42 1879 1712 XOR
2 1 1712 1713 1714 AND
2 1 1714 1879 1880 XOR
2 1 1784 1847 3167 XOR
2 1 43 1880 1715 XOR
2 1 1817 1880 3200 XOR
2 1 1783 1846 3166 XOR
2 1 41 1880 1716 XOR
2 1 1715 1716 1717 AND
2 1 1717 1880 1881 XOR
2 1 1818 1881 3201 XOR
2 1 1782 1845 3165 XOR
2 1 42 1881 1719 XOR
2 1 44 1881 1718 XOR
2 1 1718 1719 1720 AND
2 1 1720 1881 1882 XOR
2 1 1819 1882 3202 XOR
2 1 1781 1844 3164 XOR
2 1 43 1882 1722 XOR
2 1 45 1882 1721 XOR
2 1 1721 1722 1723 AND
2 1 1723 1882 1883 XOR
2 1 1820 1883 3203 XOR
2 1 1780 1843 3163 XOR
2 1 44 1883 1725 XOR
2 1 46 1883 1724 XOR
2 1 1724 1725 1726 AND
2 1 1726 1883 1884 XOR
2 1 1779 1842 3162 XOR
2 1 47 1884 1727 XOR
2 1 1821 1884 3204 XOR
2 1 1778 1841 3161 XOR
2 1 45 1884 1728 XOR
2 1 1727 1728 1729 AND
2 1 1729 1884 1885 XOR
2 1 1822 1885 3205 XOR
2 1 1777 1840 3160 XOR
2 1 46 1885 1731 XOR
2 1 48 1885 1730 XOR
2 1 1730 1731 1732 AND
2 1 1732 1885 1886 XOR
2 1 1823 1886 3206 XOR
2 1 1776 1839 3159 XOR
2 1 47 1886 1734 XOR
2 1 49 1886 1733 XOR
2 1 1733 1734 1735 AND
2 1 1735 1886 1887 XOR
2 1 1824 1887 3207 XOR
2 1 1775 1838 3158 XOR
2 1 48 1887 1737 XOR
2 1 50 1887 1736 XOR
2 1 1736 1737 1738 AND
2 1 1738 1887 1888 XOR
2 1 49 1888 1740 XOR
2 1 51 1888 1739 XOR
2 1 1739 1740 1741 AND
2 1 1741 1888 1889 XOR
2 1 50 1889 1743 XOR
2 1 52 1889 1742 XOR
2 1 1742 1743 1744 AND
2 1 1744 1889 1890 XOR
2 1 51 1890 1746 XOR
2 1 53 1890 1745 XOR
2 1 1745 1746 1747 AND
2 1 1747 1890 1891 XOR
2 1 52 1891 1749 XOR
2 1 54 1891 1748 XOR
2 1 1748 1749 1750 AND
2 1 1750 1891 1892 XOR
2 1 53 1892 1752 XOR
2 1 55 1892 1751 XOR
2 1 1751 1752 1753 AND
2 1 1753 1892 1893 XOR
2 1 54 1893 1755 XOR
2 1 56 1893 1754 XOR
2 1 1754 1755 1756 AND
2 1 1756 1893 1894 XOR
2 1 1831 1894 3214 XOR
2 1 55 1894 1758 XOR
2 1 57 1894 1757 XOR
2 1 1757 1758 1759 AND
2 1 1759 1894 1895 XOR
2 1 1832 1895 3215 XOR
2 1 1830 1893 3213 XOR
2 1 56 1895 1761 XOR
2 1 58 1895 1760 XOR
2 1 1760 1761 1762 AND
2 1 1762 1895 1896 XOR
2 1 1833 1896 3216 XOR
2 1 1829 1892 3212 XOR
2 1 57 1896 1764 XOR
2 1 59 1896 1763 XOR
2 1 1763 1764 1765 AND
2 1 1765 1896 1897 XOR
2 1 1828 1891 3211 XOR
2 1 60 1897 1766 XOR
2 1 1834 1897 3217 XOR
2 1 1827 1890 3210 XOR
2 1 58 1897 1767 XOR
2 1 1766 1767 1768 AND
2 1 1768 1897 1898 XOR
2 1 1835 1898 3218 XOR
2 1 1826 1889 3209 XOR
2 1 59 1898 1770 XOR
2 1 61 1898 1769 XOR
2 1 1769 1770 1771 AND
2 1 1771 1898 1899 XOR
2 1 1836 1899 3219 XOR
2 1 1825 1888 3208 XOR
2 1 60 1899 1773 XOR
2 1 62 1899 1772 XOR
2 1 1772 1773 1774 AND
2 1 1774 1899 1900 XOR
2 1 1837 1900 3220 XOR
2 1 64 71 1965 AND
2 1 65 71 1966 AND
2 1 63 61 2215 XOR
2 1 62 60 2214 XOR
2 1 61 59 2213 XOR
2 1 60 58 2212 XOR
2 1 59 57 2211 XOR
2 1 58 56 2210 XOR
2 1 57 55 2209 XOR
2 1 56 54 2208 XOR
2 1 55 53 2207 XOR
2 1 54 52 2206 XOR
2 1 53 51 2205 XOR
2 1 52 50 2204 XOR
2 1 51 49 2203 XOR
2 1 50 48 2202 XOR
2 1 49 47 2201 XOR
2 1 48 46 2200 XOR
2 1 47 45 2199 XOR
2 1 46 44 2198 XOR
2 1 45 43 2197 XOR
2 1 44 42 2196 XOR
2 1 43 41 2195 XOR
2 1 42 40 2194 XOR
2 1 41 39 2193 XOR
2 1 40 38 2192 XOR
2 1 39 37 2191 XOR
2 1 38 36 2190 XOR
2 1 37 35 2189 XOR
2 1 36 34 2188 XOR
2 1 35 33 2187 XOR
2 1 34 32 2186 XOR
2 1 33 31 2185 XOR
2 1 32 30 2184 XOR
2 1 31 29 2183 XOR
2 1 30 28 2182 XOR
2 1 29 27 2181 XOR
2 1 28 26 2180 XOR
2 1 27 25 2179 XOR
2 1 26 24 2178 XOR
2 1 25 23 2177 XOR
2 1 24 22 2176 XOR
2 1 23 21 2175 XOR
2 1 22 20 2174 XOR
2 1 21 19 2173 XOR
2 1 20 18 2172 XOR
2 1 19 17 2171 XOR
2 1 18 16 2170 XOR
2 1 17 15 2169 XOR
2 1 16 14 2168 XOR
2 1 15 13 2167 XOR
2 1 14 12 2166 XOR
2 1 13 11 2165 XOR
2 1 12 10 2164 XOR
2 1 11 9 2163 XOR
2 1 10 8 2162 XOR
2 1 9 7 2161 XOR
2 1 8 6 2160 XOR
2 1 7 5 2159 XOR
2 1 6 4 2158 XOR
2 1 5 3 2157 XOR
2 1 4 2 2156 XOR
2 1 3 1 2155 XOR
2 1 2 0 2154 XOR
2 1 1 1966 2153 XOR
2 1 0 1965 3221 XOR
2 1 0 1965 2216 AND
2 1 1966 2216 1968 XOR
2 1 1 2216 1967 XOR
2 1 1967 1968 1969 AND
2 1 1969 2216 2217 XOR
2 1 0 2217 1971 XOR
2 1 2 2217 1970 XOR
2 1 1970 1971 1972 AND
2 1 1972 2217 2218 XOR
2 1 1 2218 1974 XOR
2 1 3 2218 1973 XOR
2 1 1973 1974 1975 AND
2 1 1975 2218 2219 XOR
2 1 2 2219 1977 XOR
2 1 4 2219 1976 XOR
2 1 1976 1977 1978 AND
2 1 1978 2219 2220 XOR
2 1 3 2220 1980 XOR
2 1 5 2220 1979 XOR
2 1 1979 1980 1981 AND
2 1 1981 2220 2221 XOR
2 1 4 2221 1983 XOR
2 1 6 2221 1982 XOR
2 1 1982 1983 1984 AND
2 1 1984 2221 2222 XOR
2 1 5 2222 1986 XOR
2 1 7 2222 1985 XOR
2 1 1985 1986 1987 AND
2 1 1987 2222 2223 XOR
2 1 6 2223 1989 XOR
2 1 8 2223 1988 XOR
2 1 1988 1989 1990 AND
2 1 1990 2223 2224 XOR
2 1 7 2224 1992 XOR
2 1 9 2224 1991 XOR
2 1 1991 1992 1993 AND
2 1 1993 2224 2225 XOR
2 1 8 2225 1995 XOR
2 1 10 2225 1994 XOR
2 1 1994 1995 1996 AND
2 1 1996 2225 2226 XOR
2 1 9 2226 1998 XOR
2 1 11 2226 1997 XOR
2 1 1997 1998 1999 AND
2 1 1999 2226 2227 XOR
2 1 10 2227 2001 XOR
2 1 12 2227 2000 XOR
2 1 2000 2001 2002 AND
2 1 2002 2227 2228 XOR
2 1 11 2228 2004 XOR
2 1 13 2228 2003 XOR
2 1 2003 2004 2005 AND
2 1 2005 2228 2229 XOR
2 1 12 2229 2007 XOR
2 1 14 2229 2006 XOR
2 1 2006 2007 2008 AND
2 1 2008 2229 2230 XOR
2 1 13 2230 2010 XOR
2 1 15 2230 2009 XOR
2 1 2009 2010 2011 AND
2 1 2011 2230 2231 XOR
2 1 14 2231 2013 XOR
2 1 16 2231 2012 XOR
2 1 2012 2013 2014 AND
2 1 2014 2231 2232 XOR
2 1 15 2232 2016 XOR
2 1 17 2232 2015 XOR
2 1 2015 2016 2017 AND
2 1 2017 2232 2233 XOR
2 1 16 2233 2019 XOR
2 1 18 2233 2018 XOR
2 1 2018 2019 2020 AND
2 1 2020 2233 2234 XOR
2 1 17 2234 2022 XOR
2 1 19 2234 2021 XOR
2 1 2021 2022 2023 AND
2 1 2023 2234 2235 XOR
2 1 18 2235 2025 XOR
2 1 20 2235 2024 XOR
2 1 2024 2025 2026 AND
2 1 2026 2235 2236 XOR
2 1 19 2236 2028 XOR
2 1 21 2236 2027 XOR
2 1 2027 2028 2029 AND
2 1 2029 2236 2237 XOR
2 1 20 2237 2031 XOR
2 1 22 2237 2030 XOR
2 1 2030 2031 2032 AND
2 1 2032 2237 2238 XOR
2 1 21 2238 2034 XOR
2 1 23 2238 2033 XOR
2 1 2033 2034 2035 AND
2 1 2035 2238 2239 XOR
2 1 22 2239 2037 XOR
2 1 24 2239 2036 XOR
2 1 2036 2037 2038 AND
2 1 2038 2239 2240 XOR
2 1 23 2240 2040 XOR
2 1 25 2240 2039 XOR
2 1 2039 2040 2041 AND
2 1 2041 2240 2241 XOR
2 1 24 2241 2043 XOR
2 1 26 2241 2042 XOR
2 1 2042 2043 2044 AND
2 1 2044 2241 2242 XOR
2 1 25 2242 2046 XOR
2 1 27 2242 2045 XOR
2 1 2045 2046 2047 AND
2 1 2047 2242 2243 XOR
2 1 2180 2243 3249 XOR
2 1 26 2243 2049 XOR
2 1 28 2243 2048 XOR
2 1 2048 2049 2050 AND
2 1 2050 2243 2244 XOR
2 1 2181 2244 3250 XOR
2 1 2179 2242 3248 XOR
2 1 27 2244 2052 XOR
2 1 29 2244 2051 XOR
2 1 2051 2052 2053 AND
2 1 2053 2244 2245 XOR
2 1 2182 2245 3251 XOR
2 1 2178 2241 3247 XOR
2 1 28 2245 2055 XOR
2 1 30 2245 2054 XOR
2 1 2054 2055 2056 AND
2 1 2056 2245 2246 XOR
2 1 2177 2240 3246 XOR
2 1 31 2246 2057 XOR
2 1 2183 2246 3252 XOR
2 1 2176 2239 3245 XOR
2 1 29 2246 2058 XOR
2 1 2057 2058 2059 AND
2 1 2059 2246 2247 XOR
2 1 2184 2247 3253 XOR
2 1 2175 2238 3244 XOR
2 1 30 2247 2061 XOR
2 1 32 2247 2060 XOR
2 1 2060 2061 2062 AND
2 1 2062 2247 2248 XOR
2 1 2185 2248 3254 XOR
2 1 2174 2237 3243 XOR
2 1 31 2248 2064 XOR
2 1 33 2248 2063 XOR
2 1 2063 2064 2065 AND
2 1 2065 2248 2249 XOR
2 1 2186 2249 3255 XOR
2 1 2173 2236 3242 XOR
2 1 32 2249 2067 XOR
2 1 34 2249 2066 XOR
2 1 2066 2067 2068 AND
2 1 2068 2249 2250 XOR
2 1 2172 2235 3241 XOR
2 1 35 2250 2069 XOR
2 1 2187 2250 3256 XOR
2 1 2171 2234 3240 XOR
2 1 33 2250 2070 XOR
2 1 2069 2070 2071 AND
2 1 2071 2250 2251 XOR
2 1 2188 2251 3257 XOR
2 1 2170 2233 3239 XOR
2 1 34 2251 2073 XOR
2 1 36 2251 2072 XOR
2 1 2072 2073 2074 AND
2 1 2074 2251 2252 XOR
2 1 2189 2252 3258 XOR
2 1 2169 2232 3238 XOR
2 1 35 2252 2076 XOR
2 1 37 2252 2075 XOR
2 1 2075 2076 2077 AND
2 1 2077 2252 2253 XOR
2 1 2190 2253 3259 XOR
2 1 2168 2231 3237 XOR
2 1 36 2253 2079 XOR
2 1 38 2253 2078 XOR
2 1 2078 2079 2080 AND
2 1 2080 2253 2254 XOR
2 1 2167 2230 3236 XOR
2 1 39 2254 2081 XOR
2 1 2191 2254 3260 XOR
2 1 2166 2229 3235 XOR
2 1 37 2254 2082 XOR
2 1 2081 2082 2083 AND
2 1 2083 2254 2255 XOR
2 1 2192 2255 3261 XOR
2 1 2165 2228 3234 XOR
2 1 38 2255 2085 XOR
2 1 40 2255 2084 XOR
2 1 2084 2085 2086 AND
2 1 2086 2255 2256 XOR
2 1 2193 2256 3262 XOR
2 1 2164 2227 3233 XOR
2 1 39 2256 2088 XOR
2 1 41 2256 2087 XOR
2 1 2087 2088 2089 AND
2 1 2089 2256 2257 XOR
2 1 2194 2257 3263 XOR
2 1 2163 2226 3232 XOR
2 1 40 2257 2091 XOR
2 1 42 2257 2090 XOR
2 1 2090 2091 2092 AND
2 1 2092 2257 2258 XOR
2 1 2162 2225 3231 XOR
2 1 43 2258 2093 XOR
2 1 2195 2258 3264 XOR
2 1 2161 2224 3230 XOR
2 1 41 2258 2094 XOR
2 1 2093 2094 2095 AND
2 1 2095 2258 2259 XOR
2 1 2196 2259 3265 XOR
2 1 2160 2223 3229 XOR
2 1 42 2259 2097 XOR
2 1 44 2259 2096 XOR
2 1 2096 2097 2098 AND
2 1 2098 2259 2260 XOR
2 1 2197 2260 3266 XOR
2 1 2159 2222 3228 XOR
2 1 43 2260 2100 XOR
2 1 45 2260 2099 XOR
2 1 2099 2100 2101 AND
2 1 2101 2260 2261 XOR
2 1 2198 2261 3267 XOR
2 1 2158 2221 3227 XOR
2 1 44 2261 2103 XOR
2 1 46 2261 2102 XOR
2 1 2102 2103 2104 AND
2 1 2104 2261 2262 XOR
2 1 2157 2220 3226 XOR
2 1 47 2262 2105 XOR
2 1 2199 2262 3268 XOR
2 1 2156 2219 3225 XOR
2 1 45 2262 2106 XOR
2 1 2105 2106 2107 AND
2 1 2107 2262 2263 XOR
2 1 2200 2263 3269 XOR
2 1 2155 2218 3224 XOR
2 1 46 2263 2109 XOR
2 1 48 2263 2108 XOR
2 1 2108 2109 2110 AND
2 1 2110 2263 2264 XOR
2 1 2201 2264 3270 XOR
2 1 2154 2217 3223 XOR
2 1 47 2264 2112 XOR
2 1 49 2264 2111 XOR
2 1 2111 2112 2113 AND
2 1 2113 2264 2265 XOR
2 1 2202 2265 3271 XOR
2 1 2153 2216 3222 XOR
2 1 48 2265 2115 XOR
2 1 50 2265 2114 XOR
2 1 2114 2115 2116 AND
2 1 2116 2265 2266 XOR
2 1 49 2266 2118 XOR
2 1 51 2266 2117 XOR
2 1 2117 2118 2119 AND
2 1 2119 2266 2267 XOR
2 1 50 2267 2121 XOR
2 1 52 2267 2120 XOR
2 1 2120 2121 2122 AND
2 1 2122 2267 2268 XOR
2 1 51 2268 2124 XOR
2 1 53 2268 2123 XOR
2 1 2123 2124 2125 AND
2 1 2125 2268 2269 XOR
2 1 52 2269 2127 XOR
2 1 54 2269 2126 XOR
2 1 2126 2127 2128 AND
2 1 2128 2269 2270 XOR
2 1 53 2270 2130 XOR
2 1 55 2270 2129 XOR
2 1 2129 2130 2131 AND
2 1 2131 2270 2271 XOR
2 1 54 2271 2133 XOR
2 1 56 2271 2132 XOR
2 1 2132 2133 2134 AND
2 1 2134 2271 2272 XOR
2 1 2209 2272 3278 XOR
2 1 55 2272 2136 XOR
2 1 57 2272 2135 XOR
2 1 2135 2136 2137 AND
2 1 2137 2272 2273 XOR
2 1 2210 2273 3279 XOR
2 1 2208 2271 3277 XOR
2 1 56 2273 2139 XOR
2 1 58 2273 2138 XOR
2 1 2138 2139 2140 AND
2 1 2140 2273 2274 XOR
2 1 2211 2274 3280 XOR
2 1 2207 2270 3276 XOR
2 1 57 2274 2142 XOR
2 1 59 2274 2141 XOR
2 1 2141 2142 2143 AND
2 1 2143 2274 2275 XOR
2 1 2206 2269 3275 XOR
2 1 60 2275 2144 XOR
2 1 2212 2275 3281 XOR
2 1 2205 2268 3274 XOR
2 1 58 2275 2145 XOR
2 1 2144 2145 2146 AND
2 1 2146 2275 2276 XOR
2 1 2213 2276 3282 XOR
2 1 2204 2267 3273 XOR
2 1 59 2276 2148 XOR
2 1 61 2276 2147 XOR
2 1 2147 2148 2149 AND
2 1 2149 2276 2277 XOR
2 1 2214 2277 3283 XOR
2 1 2203 2266 3272 XOR
2 1 60 2277 2151 XOR
2 1 62 2277 2150 XOR
2 1 2150 2151 2152 AND
2 1 2152 2277 2278 XOR
2 1 2215 2278 3284 XOR
2 1 64 72 2343 AND
2 1 65 72 2344 AND
2 1 63 61 2593 XOR
2 1 62 60 2592 XOR
2 1 61 59 2591 XOR
2 1 60 58 2590 XOR
2 1 59 57 2589 XOR
2 1 58 56 2588 XOR
2 1 57 55 2587 XOR
2 1 56 54 2586 XOR
2 1 55 53 2585 XOR
2 1 54 52 2584 XOR
2 1 53 51 2583 XOR
2 1 52 50 2582 XOR
2 1 51 49 2581 XOR
2 1 50 48 2580 XOR
2 1 49 47 2579 XOR
2 1 48 46 2578 XOR
2 1 47 45 2577 XOR
2 1 46 44 2576 XOR
2 1 45 43 2575 XOR
2 1 44 42 2574 XOR
2 1 43 41 2573 XOR
2 1 42 40 2572 XOR
2 1 41 39 2571 XOR
2 1 40 38 2570 XOR
2 1 39 37 2569 XOR
2 1 38 36 2568 XOR
2 1 37 35 2567 XOR
2 1 36 34 2566 XOR
2 1 35 33 2565 XOR
2 1 34 32 2564 XOR
2 1 33 31 2563 XOR
2 1 32 30 2562 XOR
2 1 31 29 2561 XOR
2 1 30 28 2560 XOR
2 1 29 27 2559 XOR
2 1 28 26 2558 XOR
2 1 27 25 2557 XOR
2 1 26 24 2556 XOR
2 1 25 23 2555 XOR
2 1 24 22 2554 XOR
2 1 23 21 2553 XOR
2 1 22 20 2552 XOR
2 1 21 19 2551 XOR
2 1 20 18 2550 XOR
2 1 19 17 2549 XOR
2 1 18 16 2548 XOR
2 1 17 15 2547 XOR
2 1 16 14 2546 XOR
2 1 15 13 2545 XOR
2 1 14 12 2544 XOR
2 1 13 11 2543 XOR
2 1 12 10 2542 XOR
2 1 11 9 2541 XOR
2 1 10 8 2540 XOR
2 1 9 7 2539 XOR
2 1 8 6 2538 XOR
2 1 7 5 2537 XOR
2 1 6 4 2536 XOR
2 1 5 3 2535 XOR
2 1 4 2 2534 XOR
2 1 3 1 2533 XOR
2 1 2 0 2532 XOR
2 1 1 2344 2531 XOR
2 1 0 2343 3285 XOR
2 1 0 2343 2594 AND
2 1 2344 2594 2346 XOR
2 1 1 2594 2345 XOR
2 1 2345 2346 2347 AND
2 1 2347 2594 2595 XOR
2 1 0 2595 2349 XOR
2 1 2 2595 2348 XOR
2 1 2348 2349 2350 AND
2 1 2350 2595 2596 XOR
2 1 1 2596 2352 XOR
2 1 3 2596 2351 XOR
2 1 2351 2352 2353 AND
2 1 2353 2596 2597 XOR
2 1 2 2597 2355 XOR
2 1 4 2597 2354 XOR
2 1 2354 2355 2356 AND
2 1 2356 2597 2598 XOR
2 1 3 2598 2358 XOR
2 1 5 2598 2357 XOR
2 1 2357 2358 2359 AND
2 1 2359 2598 2599 XOR
2 1 4 2599 2361 XOR
2 1 6 2599 2360 XOR
2 1 2360 2361 2362 AND
2 1 2362 2599 2600 XOR
2 1 5 2600 2364 XOR
2 1 7 2600 2363 XOR
2 1 2363 2364 2365 AND
2 1 2365 2600 2601 XOR
2 1 6 2601 2367 XOR
2 1 8 2601 2366 XOR
2 1 2366 2367 2368 AND
2 1 2368 2601 2602 XOR
2 1 7 2602 2370 XOR
2 1 9 2602 2369 XOR
2 1 2369 2370 2371 AND
2 1 2371 2602 2603 XOR
2 1 8 2603 2373 XOR
2 1 10 2603 2372 XOR
2 1 2372 2373 2374 AND
2 1 2374 2603 2604 XOR
2 1 9 2604 2376 XOR
2 1 11 2604 2375 XOR
2 1 2375 2376 2377 AND
2 1 2377 2604 2605 XOR
2 1 10 2605 2379 XOR
2 1 12 2605 2378 XOR
2 1 2378 2379 2380 AND
2 1 2380 2605 2606 XOR
2 1 11 2606 2382 XOR
2 1 13 2606 2381 XOR
2 1 2381 2382 2383 AND
2 1 2383 2606 2607 XOR
2 1 12 2607 2385 XOR
2 1 14 2607 2384 XOR
2 1 2384 2385 2386 AND
2 1 2386 2607 2608 XOR
2 1 13 2608 2388 XOR
2 1 15 2608 2387 XOR
2 1 2387 2388 2389 AND
2 1 2389 2608 2609 XOR
2 1 14 2609 2391 XOR
2 1 16 2609 2390 XOR
2 1 2390 2391 2392 AND
2 1 2392 2609 2610 XOR
2 1 15 2610 2394 XOR
2 1 17 2610 2393 XOR
2 1 2393 2394 2395 AND
2 1 2395 2610 2611 XOR
2 1 16 2611 2397 XOR
2 1 18 2611 2396 XOR
2 1 2396 2397 2398 AND
2 1 2398 2611 2612 XOR
2 1 17 2612 2400 XOR
2 1 19 2612 2399 XOR
2 1 2399 2400 2401 AND
2 1 2401 2612 2613 XOR
2 1 18 2613 2403 XOR
2 1 20 2613 2402 XOR
2 1 2402 2403 2404 AND
2 1 2404 2613 2614 XOR
2 1 19 2614 2406 XOR
2 1 21 2614 2405 XOR
2 1 2405 2406 2407 AND
2 1 2407 2614 2615 XOR
2 1 20 2615 2409 XOR
2 1 22 2615 2408 XOR
2 1 2408 2409 2410 AND
2 1 2410 2615 2616 XOR
2 1 21 2616 2412 XOR
2 1 23 2616 2411 XOR
2 1 2411 2412 2413 AND
2 1 2413 2616 2617 XOR
2 1 22 2617 2415 XOR
2 1 24 2617 2414 XOR
2 1 2414 2415 2416 AND
2 1 2416 2617 2618 XOR
2 1 23 2618 2418 XOR
2 1 25 2618 2417 XOR
2 1 2417 2418 2419 AND
2 1 2419 2618 2619 XOR
2 1 24 2619 2421 XOR
2 1 26 2619 2420 XOR
2 1 2420 2421 2422 AND
2 1 2422 2619 2620 XOR
2 1 25 2620 2424 XOR
2 1 27 2620 2423 XOR
2 1 2423 2424 2425 AND
2 1 2425 2620 2621 XOR
2 1 2558 2621 3313 XOR
2 1 26 2621 2427 XOR
2 1 28 2621 2426 XOR
2 1 2426 2427 2428 AND
2 1 2428 2621 2622 XOR
2 1 2559 2622 3314 XOR
2 1 2557 2620 3312 XOR
2 1 27 2622 2430 XOR
2 1 29 2622 2429 XOR
2 1 2429 2430 2431 AND
2 1 2431 2622 2623 XOR
2 1 2560 2623 3315 XOR
2 1 2556 2619 3311 XOR
2 1 28 2623 2433 XOR
2 1 30 2623 2432 XOR
2 1 2432 2433 2434 AND
2 1 2434 2623 2624 XOR
2 1 2555 2618 3310 XOR
2 1 31 2624 2435 XOR
2 1 2561 2624 3316 XOR
2 1 2554 2617 3309 XOR
2 1 29 2624 2436 XOR
2 1 2435 2436 2437 AND
2 1 2437 2624 2625 XOR
2 1 2562 2625 3317 XOR
2 1 2553 2616 3308 XOR
2 1 30 2625 2439 XOR
2 1 32 2625 2438 XOR
2 1 2438 2439 2440 AND
2 1 2440 2625 2626 XOR
2 1 2563 2626 3318 XOR
2 1 2552 2615 3307 XOR
2 1 31 2626 2442 XOR
2 1 33 2626 2441 XOR
2 1 2441 2442 2443 AND
2 1 2443 2626 2627 XOR
2 1 2564 2627 3319 XOR
2 1 2551 2614 3306 XOR
2 1 32 2627 2445 XOR
2 1 34 2627 2444 XOR
2 1 2444 2445 2446 AND
2 1 2446 2627 2628 XOR
2 1 2550 2613 3305 XOR
2 1 35 2628 2447 XOR
2 1 2565 2628 3320 XOR
2 1 2549 2612 3304 XOR
2 1 33 2628 2448 XOR
2 1 2447 2448 2449 AND
2 1 2449 2628 2629 XOR
2 1 2566 2629 3321 XOR
2 1 2548 2611 3303 XOR
2 1 34 2629 2451 XOR
2 1 36 2629 2450 XOR
2 1 2450 2451 2452 AND
2 1 2452 2629 2630 XOR
2 1 2567 2630 3322 XOR
2 1 2547 2610 3302 XOR
2 1 35 2630 2454 XOR
2 1 37 2630 2453 XOR
2 1 2453 2454 2455 AND
2 1 2455 2630 2631 XOR
2 1 2568 2631 3323 XOR
2 1 2546 2609 3301 XOR
2 1 36 2631 2457 XOR
2 1 38 2631 2456 XOR
2 1 2456 2457 2458 AND
2 1 2458 2631 2632 XOR
2 1 2545 2608 3300 XOR
2 1 39 2632 2459 XOR
2 1 2569 2632 3324 XOR
2 1 2544 2607 3299 XOR
2 1 37 2632 2460 XOR
2 1 2459 2460 2461 AND
2 1 2461 2632 2633 XOR
2 1 2570 2633 3325 XOR
2 1 2543 2606 3298 XOR
2 1 38 2633 2463 XOR
2 1 40 2633 2462 XOR
2 1 2462 2463 2464 AND
2 1 2464 2633 2634 XOR
2 1 2571 2634 3326 XOR
2 1 2542 2605 3297 XOR
2 1 39 2634 2466 XOR
2 1 41 2634 2465 XOR
2 1 2465 2466 2467 AND
2 1 2467 2634 2635 XOR
2 1 2572 2635 3327 XOR
2 1 2541 2604 3296 XOR
2 1 40 2635 2469 XOR
2 1 42 2635 2468 XOR
2 1 2468 2469 2470 AND
2 1 2470 2635 2636 XOR
2 1 2540 2603 3295 XOR
2 1 43 2636 2471 XOR
2 1 2573 2636 3328 XOR
2 1 2539 2602 3294 XOR
2 1 41 2636 2472 XOR
2 1 2471 2472 2473 AND
2 1 2473 2636 2637 XOR
2 1 2574 2637 3329 XOR
2 1 2538 2601 3293 XOR
2 1 42 2637 2475 XOR
2 1 44 2637 2474 XOR
2 1 2474 2475 2476 AND
2 1 2476 2637 2638 XOR
2 1 2575 2638 3330 XOR
2 1 2537 2600 3292 XOR
2 1 43 2638 2478 XOR
2 1 45 2638 2477 XOR
2 1 2477 2478 2479 AND
2 1 2479 2638 2639 XOR
2 1 2576 2639 3331 XOR
2 1 2536 2599 3291 XOR
2 1 44 2639 2481 XOR
2 1 46 2639 2480 XOR
2 1 2480 2481 2482 AND
2 1 2482 2639 2640 XOR
2 1 2535 2598 3290 XOR
2 1 47 2640 2483 XOR
2 1 2577 2640 3332 XOR
2 1 2534 2597 3289 XOR
2 1 45 2640 2484 XOR
2 1 2483 2484 2485 AND
2 1 2485 2640 2641 XOR
2 1 2578 2641 3333 XOR
2 1 2533 2596 3288 XOR
2 1 46 2641 2487 XOR
2 1 48 2641 2486 XOR
2 1 2486 2487 2488 AND
2 1 2488 2641 2642 XOR
2 1 2579 2642 3334 XOR
2 1 2532 2595 3287 XOR
2 1 47 2642 2490 XOR
2 1 49 2642 2489 XOR
2 1 2489 2490 2491 AND
2 1 2491 2642 2643 XOR
2 1 2580 2643 3335 XOR
2 1 2531 2594 3286 XOR
2 1 48 2643 2493 XOR
2 1 50 2643 2492 XOR
2 1 2492 2493 2494 AND
2 1 2494 2643 2644 XOR
2 1 49 2644 2496 XOR
2 1 51 2644 2495 XOR
2 1 2495 2496 2497 AND
2 1 2497 2644 2645 XOR
2 1 50 2645 2499 XOR
2 1 52 2645 2498 XOR
2 1 2498 2499 2500 AND
2 1 2500 2645 2646 XOR
2 1 51 2646 2502 XOR
2 1 53 2646 2501 XOR
2 1 2501 2502 2503 AND
2 1 2503 2646 2647 XOR
2 1 52 2647 2505 XOR
2 1 54 2647 2504 XOR
2 1 2504 2505 2506 AND
2 1 2506 2647 2648 XOR
2 1 53 2648 2508 XOR
2 1 55 2648 2507 XOR
2 1 2507 2508 2509 AND
2 1 2509 2648 2649 XOR
2 1 54 2649 2511 XOR
2 1 56 2649 2510 XOR
2 1 2510 2511 2512 AND
2 1 2512 2649 2650 XOR
2 1 2587 2650 3342 XOR
2 1 55 2650 2514 XOR
2 1 57 2650 2513 XOR
2 1 2513 2514 2515 AND
2 1 2515 2650 2651 XOR
2 1 2588 2651 3343 XOR
2 1 2586 2649 3341 XOR
2 1 56 2651 2517 XOR
2 1 58 2651 2516 XOR
2 1 2516 2517 2518 AND
2 1 2518 2651 2652 XOR
2 1 2589 2652 3344 XOR
2 1 2585 2648 3340 XOR
2 1 57 2652 2520 XOR
2 1 59 2652 2519 XOR
2 1 2519 2520 2521 AND
2 1 2521 2652 2653 XOR
2 1 2584 2647 3339 XOR
2 1 60 2653 2522 XOR
2 1 2590 2653 3345 XOR
2 1 2583 2646 3338 XOR
2 1 58 2653 2523 XOR
2 1 2522 2523 2524 AND
2 1 2524 2653 2654 XOR
2 1 2591 2654 3346 XOR
2 1 2582 2645 3337 XOR
2 1 59 2654 2526 XOR
2 1 61 2654 2525 XOR
2 1 2525 2526 2527 AND
2 1 2527 2654 2655 XOR
2 1 2592 2655 3347 XOR
2 1 2581 2644 3336 XOR
2 1 60 2655 2529 XOR
2 1 62 2655 2528 XOR
2 1 2528 2529 2530 AND
2 1 2530 2655 2656 XOR
2 1 2593 2656 3348 XOR
2 1 64 73 2721 AND
2 1 65 73 2722 AND
2 1 63 61 773 XOR
2 1 62 60 772 XOR
2 1 61 59 771 XOR
2 1 60 58 770 XOR
2 1 59 57 769 XOR
2 1 58 56 768 XOR
2 1 57 55 767 XOR
2 1 56 54 452 XOR
2 1 55 53 451 XOR
2 1 54 52 450 XOR
2 1 53 51 449 XOR
2 1 52 50 448 XOR
2 1 51 49 447 XOR
2 1 50 48 446 XOR
2 1 49 47 445 XOR
2 1 48 46 444 XOR
2 1 47 45 443 XOR
2 1 46 44 442 XOR
2 1 45 43 441 XOR
2 1 44 42 440 XOR
2 1 43 41 439 XOR
2 1 42 40 438 XOR
2 1 41 39 437 XOR
2 1 40 38 436 XOR
2 1 39 37 435 XOR
2 1 38 36 434 XOR
2 1 37 35 433 XOR
2 1 36 34 432 XOR
2 1 35 33 431 XOR
2 1 34 32 430 XOR
2 1 33 31 429 XOR
2 1 32 30 428 XOR
2 1 31 29 427 XOR
2 1 30 28 426 XOR
2 1 29 27 425 XOR
2 1 28 26 424 XOR
2 1 27 25 423 XOR
2 1 26 24 422 XOR
2 1 25 23 421 XOR
2 1 24 22 420 XOR
2 1 23 21 419 XOR
2 1 22 20 418 XOR
2 1 21 19 417 XOR
2 1 20 18 416 XOR
2 1 19 17 415 XOR
2 1 18 16 414 XOR
2 1 17 15 413 XOR
2 1 16 14 412 XOR
2 1 15 13 411 XOR
2 1 14 12 410 XOR
2 1 13 11 409 XOR
2 1 12 10 408 XOR
2 1 11 9 407 XOR
2 1 10 8 406 XOR
2 1 9 7 405 XOR
2 1 8 6 404 XOR
2 1 7 5 403 XOR
2 1 6 4 402 XOR
2 1 5 3 401 XOR
2 1 4 2 400 XOR
2 1 3 1 399 XOR
2 1 2 0 398 XOR
2 1 1 2722 397 XOR
2 1 0 2721 3349 XOR
2 1 0 2721 774 AND
2 1 2722 774 2724 XOR
2 1 1 774 2723 XOR
2 1 2723 2724 2725 AND
2 1 2725 774 775 XOR
2 1 0 775 2727 XOR
2 1 2 775 2726 XOR
2 1 2726 2727 2728 AND
2 1 2728 775 776 XOR
2 1 1 776 2730 XOR
2 1 3 776 2729 XOR
2 1 2729 2730 2731 AND
2 1 2731 776 777 XOR
2 1 2 777 2733 XOR
2 1 4 777 2732 XOR
2 1 2732 2733 2734 AND
2 1 2734 777 778 XOR
2 1 3 778 2736 XOR
2 1 5 778 2735 XOR
2 1 2735 2736 2737 AND
2 1 2737 778 779 XOR
2 1 4 779 2739 XOR
2 1 6 779 2738 XOR
2 1 2738 2739 2740 AND
2 1 2740 779 780 XOR
2 1 5 780 2742 XOR
2 1 7 780 2741 XOR
2 1 2741 2742 2743 AND
2 1 2743 780 781 XOR
2 1 6 781 2745 XOR
2 1 8 781 2744 XOR
2 1 2744 2745 2746 AND
2 1 2746 781 782 XOR
2 1 7 782 2748 XOR
2 1 9 782 2747 XOR
2 1 2747 2748 2749 AND
2 1 2749 782 783 XOR
2 1 8 783 2751 XOR
2 1 10 783 2750 XOR
2 1 2750 2751 2752 AND
2 1 2752 783 784 XOR
2 1 9 784 2754 XOR
2 1 11 784 2753 XOR
2 1 2753 2754 2755 AND
2 1 2755 784 785 XOR
2 1 10 785 2757 XOR
2 1 12 785 2756 XOR
2 1 2756 2757 2758 AND
2 1 2758 785 786 XOR
2 1 11 786 2760 XOR
2 1 13 786 2759 XOR
2 1 2759 2760 2761 AND
2 1 2761 786 787 XOR
2 1 12 787 2763 XOR
2 1 14 787 2762 XOR
2 1 2762 2763 2764 AND
2 1 2764 787 788 XOR
2 1 13 788 2766 XOR
2 1 15 788 2765 XOR
2 1 2765 2766 2767 AND
2 1 2767 788 789 XOR
2 1 14 789 2769 XOR
2 1 16 789 2768 XOR
2 1 2768 2769 2770 AND
2 1 2770 789 790 XOR
2 1 15 790 2772 XOR
2 1 17 790 2771 XOR
2 1 2771 2772 2773 AND
2 1 2773 790 791 XOR
2 1 16 791 2775 XOR
2 1 18 791 2774 XOR
2 1 2774 2775 2776 AND
2 1 2776 791 792 XOR
2 1 17 792 2778 XOR
2 1 19 792 2777 XOR
2 1 2777 2778 2779 AND
2 1 2779 792 793 XOR
2 1 18 793 2781 XOR
2 1 20 793 2780 XOR
2 1 2780 2781 2782 AND
2 1 2782 793 794 XOR
2 1 19 794 2784 XOR
2 1 21 794 2783 XOR
2 1 2783 2784 2785 AND
2 1 2785 794 795 XOR
2 1 20 795 2787 XOR
2 1 22 795 2786 XOR
2 1 2786 2787 2788 AND
2 1 2788 795 796 XOR
2 1 21 796 2790 XOR
2 1 23 796 2789 XOR
2 1 2789 2790 2791 AND
2 1 2791 796 797 XOR
2 1 22 797 2793 XOR
2 1 24 797 2792 XOR
2 1 2792 2793 2794 AND
2 1 2794 797 798 XOR
2 1 23 798 2796 XOR
2 1 25 798 2795 XOR
2 1 2795 2796 2797 AND
2 1 2797 798 799 XOR
2 1 24 799 2799 XOR
2 1 26 799 2798 XOR
2 1 2798 2799 2800 AND
2 1 2800 799 800 XOR
2 1 25 800 2802 XOR
2 1 27 800 2801 XOR
2 1 2801 2802 2803 AND
2 1 2803 800 801 XOR
2 1 424 801 3377 XOR
2 1 26 801 2805 XOR
2 1 28 801 2804 XOR
2 1 2804 2805 2806 AND
2 1 2806 801 802 XOR
2 1 425 802 3378 XOR
2 1 423 800 3376 XOR
2 1 27 802 2808 XOR
2 1 29 802 2807 XOR
2 1 2807 2808 2809 AND
2 1 2809 802 803 XOR
2 1 426 803 3379 XOR
2 1 422 799 3375 XOR
2 1 28 803 2811 XOR
2 1 30 803 2810 XOR
2 1 2810 2811 2812 AND
2 1 2812 803 804 XOR
2 1 421 798 3374 XOR
2 1 31 804 2813 XOR
2 1 427 804 3380 XOR
2 1 420 797 3373 XOR
2 1 29 804 2814 XOR
2 1 2813 2814 2815 AND
2 1 2815 804 805 XOR
2 1 428 805 3381 XOR
2 1 419 796 3372 XOR
2 1 30 805 2817 XOR
2 1 32 805 2816 XOR
2 1 2816 2817 2818 AND
2 1 2818 805 806 XOR
2 1 429 806 3382 XOR
2 1 418 795 3371 XOR
2 1 31 806 2820 XOR
2 1 33 806 2819 XOR
2 1 2819 2820 2821 AND
2 1 2821 806 807 XOR
2 1 430 807 3383 XOR
2 1 417 794 3370 XOR
2 1 32 807 2823 XOR
2 1 34 807 2822 XOR
2 1 2822 2823 2824 AND
2 1 2824 807 808 XOR
2 1 416 793 3369 XOR
2 1 35 808 2825 XOR
2 1 431 808 3384 XOR
2 1 415 792 3368 XOR
2 1 33 808 2826 XOR
2 1 2825 2826 2827 AND
2 1 2827 808 809 XOR
2 1 432 809 3385 XOR
2 1 414 791 3367 XOR
2 1 34 809 2829 XOR
2 1 36 809 2828 XOR
2 1 2828 2829 2830 AND
2 1 2830 809 810 XOR
2 1 433 810 3386 XOR
2 1 413 790 3366 XOR
2 1 35 810 2832 XOR
2 1 37 810 2831 XOR
2 1 2831 2832 2833 AND
2 1 2833 810 811 XOR
2 1 434 811 3387 XOR
2 1 412 789 3365 XOR
2 1 36 811 2835 XOR
2 1 38 811 2834 XOR
2 1 2834 2835 2836 AND
2 1 2836 811 812 XOR
2 1 411 788 3364 XOR
2 1 39 812 2837 XOR
2 1 435 812 3388 XOR
2 1 410 787 3363 XOR
2 1 37 812 2838 XOR
2 1 2837 2838 2839 AND
2 1 2839 812 813 XOR
2 1 436 813 3389 XOR
2 1 409 786 3362 XOR
2 1 38 813 2841 XOR
2 1 40 813 2840 XOR
2 1 2840 2841 2842 AND
2 1 2842 813 814 XOR
2 1 437 814 3390 XOR
2 1 408 785 3361 XOR
2 1 39 814 2844 XOR
2 1 41 814 2843 XOR
2 1 2843 2844 2845 AND
2 1 2845 814 815 XOR
2 1 438 815 3391 XOR
2 1 407 784 3360 XOR
2 1 40 815 2847 XOR
2 1 42 815 2846 XOR
2 1 2846 2847 2848 AND
2 1 2848 815 816 XOR
2 1 406 783 3359 XOR
2 1 43 816 2849 XOR
2 1 439 816 3392 XOR
2 1 405 782 3358 XOR
2 1 41 816 2850 XOR
2 1 2849 2850 2851 AND
2 1 2851 816 817 XOR
2 1 440 817 3393 XOR
2 1 404 781 3357 XOR
2 1 42 817 2853 XOR
2 1 44 817 2852 XOR
2 1 2852 2853 2854 AND
2 1 2854 817 818 XOR
2 1 441 818 3394 XOR
2 1 403 780 3356 XOR
2 1 43 818 2856 XOR
2 1 45 818 2855 XOR
2 1 2855 2856 2857 AND
2 1 2857 818 819 XOR
2 1 442 819 3395 XOR
2 1 402 779 3355 XOR
2 1 44 819 2859 XOR
2 1 46 819 2858 XOR
2 1 2858 2859 2860 AND
2 1 2860 819 820 XOR
2 1 401 778 3354 XOR
2 1 47 820 2861 XOR
2 1 443 820 3396 XOR
2 1 400 777 3353 XOR
2 1 45 820 2862 XOR
2 1 2861 2862 2863 AND
2 1 2863 820 821 XOR
2 1 444 821 3397 XOR
2 1 399 776 3352 XOR
2 1 46 821 2865 XOR
2 1 48 821 2864 XOR
2 1 2864 2865 2866 AND
2 1 2866 821 822 XOR
2 1 445 822 3398 XOR
2 1 398 775 3351 XOR
2 1 47 822 2868 XOR
2 1 49 822 2867 XOR
2 1 2867 2868 2869 AND
2 1 2869 822 823 XOR
2 1 446 823 3399 XOR
2 1 397 774 3350 XOR
2 1 48 823 2871 XOR
2 1 50 823 2870 XOR
2 1 2870 2871 2872 AND
2 1 2872 823 824 XOR
2 1 49 824 2874 XOR
2 1 51 824 2873 XOR
2 1 2873 2874 2875 AND
2 1 2875 824 825 XOR
2 1 50 825 2877 XOR
2 1 52 825 2876 XOR
2 1 2876 2877 2878 AND
2 1 2878 825 826 XOR
2 1 51 826 2880 XOR
2 1 53 826 2879 XOR
2 1 2879 2880 2881 AND
2 1 2881 826 827 XOR
2 1 52 827 2883 XOR
2 1 54 827 2882 XOR
2 1 2882 2883 2884 AND
2 1 2884 827 828 XOR
2 1 53 828 2886 XOR
2 1 55 828 2885 XOR
2 1 2885 2886 2887 AND
2 1 2887 828 829 XOR
2 1 54 829 2889 XOR
2 1 56 829 2888 XOR
2 1 2888 2889 2890 AND
2 1 2890 829 830 XOR
2 1 767 830 3406 XOR
2 1 55 830 2892 XOR
2 1 57 830 2891 XOR
2 1 2891 2892 2893 AND
2 1 2893 830 1145 XOR
2 1 768 1145 3407 XOR
2 1 452 829 3405 XOR
2 1 56 1145 2895 XOR
2 1 58 1145 2894 XOR
2 1 2894 2895 2896 AND
2 1 2896 1145 1146 XOR
2 1 769 1146 3408 XOR
2 1 451 828 3404 XOR
2 1 57 1146 2898 XOR
2 1 59 1146 2897 XOR
2 1 2897 2898 2899 AND
2 1 2899 1146 1147 XOR
2 1 450 827 3403 XOR
2 1 60 1147 2900 XOR
2 1 770 1147 3409 XOR
2 1 449 826 3402 XOR
2 1 58 1147 389 XOR
2 1 2900 389 390 AND
2 1 390 1147 1148 XOR
2 1 771 1148 3410 XOR
2 1 448 825 3401 XOR
2 1 59 1148 392 XOR
2 1 61 1148 391 XOR
2 1 391 392 393 AND
2 1 393 1148 1149 XOR
2 1 772 1149 3411 XOR
2 1 447 824 3400 XOR
2 1 60 1149 395 XOR
2 1 62 1149 394 XOR
2 1 394 395 396 AND
2 1 396 1149 1150 XOR
2 1 773 1150 3412 XOR
2 1 64 74 1529 AND
2 1 65 74 1530 AND
2 1 63 61 3035 XOR
2 1 62 60 2720 XOR
2 1 61 59 2719 XOR
2 1 60 58 2718 XOR
2 1 59 57 2717 XOR
2 1 58 56 2716 XOR
2 1 57 55 2715 XOR
2 1 56 54 2714 XOR
2 1 55 53 2713 XOR
2 1 54 52 2712 XOR
2 1 53 51 2711 XOR
2 1 52 50 2710 XOR
2 1 51 49 2709 XOR
2 1 50 48 2708 XOR
2 1 49 47 2707 XOR
2 1 48 46 2706 XOR
2 1 47 45 2705 XOR
2 1 46 44 2704 XOR
2 1 45 43 2703 XOR
2 1 44 42 2702 XOR
2 1 43 41 2701 XOR
2 1 42 40 2700 XOR
2 1 41 39 2699 XOR
2 1 40 38 2698 XOR
2 1 39 37 2697 XOR
2 1 38 36 2696 XOR
2 1 37 35 2695 XOR
2 1 36 34 2694 XOR
2 1 35 33 2693 XOR
2 1 34 32 2692 XOR
2 1 33 31 2691 XOR
2 1 32 30 2690 XOR
2 1 31 29 2689 XOR
2 1 30 28 2688 XOR
2 1 29 27 2687 XOR
2 1 28 26 2686 XOR
2 1 27 25 2685 XOR
2 1 26 24 2684 XOR
2 1 25 23 2683 XOR
2 1 24 22 2682 XOR
2 1 23 21 2681 XOR
2 1 22 20 2680 XOR
2 1 21 19 2679 XOR
2 1 20 18 2678 XOR
2 1 19 17 2677 XOR
2 1 18 16 2676 XOR
2 1 17 15 2675 XOR
2 1 16 14 2674 XOR
2 1 15 13 2673 XOR
2 1 14 12 2672 XOR
2 1 13 11 2671 XOR
2 1 12 10 2670 XOR
2 1 11 9 2669 XOR
2 1 10 8 2668 XOR
2 1 9 7 2667 XOR
2 1 8 6 2666 XOR
2 1 7 5 2665 XOR
2 1 6 4 2664 XOR
2 1 5 3 2663 XOR
2 1 4 2 2662 XOR
2 1 3 1 2661 XOR
2 1 2 0 2660 XOR
2 1 1 1530 2659 XOR
2 1 0 1529 3413 XOR
2 1 0 1529 3036 AND
2 1 1530 3036 1532 XOR
2 1 1 3036 1531 XOR
2 1 1531 1532 1533 AND
2 1 1533 3036 3037 XOR
2 1 0 3037 1535 XOR
2 1 2 3037 1534 XOR
2 1 1534 1535 1536 AND
2 1 1536 3037 3038 XOR
2 1 1 3038 1538 XOR
2 1 3 3038 1537 XOR
2 1 1537 1538 1539 AND
2 1 1539 3038 3039 XOR
2 1 2 3039 1541 XOR
2 1 4 3039 1540 XOR
2 1 1540 1541 1542 AND
2 1 1542 3039 3040 XOR
2 1 3 3040 1544 XOR
2 1 5 3040 1543 XOR
2 1 1543 1544 1545 AND
2 1 1545 3040 3041 XOR
2 1 4 3041 1547 XOR
2 1 6 3041 1546 XOR
2 1 1546 1547 1548 AND
2 1 1548 3041 3042 XOR
2 1 5 3042 1550 XOR
2 1 7 3042 1549 XOR
2 1 1549 1550 1551 AND
2 1 1551 3042 3043 XOR
2 1 6 3043 1553 XOR
2 1 8 3043 1552 XOR
2 1 1552 1553 1554 AND
2 1 1554 3043 3044 XOR
2 1 7 3044 1556 XOR
2 1 9 3044 1555 XOR
2 1 1555 1556 1557 AND
2 1 1557 3044 3045 XOR
2 1 8 3045 1559 XOR
2 1 10 3045 1558 XOR
2 1 1558 1559 1560 AND
2 1 1560 3045 3046 XOR
2 1 9 3046 1562 XOR
2 1 11 3046 1561 XOR
2 1 1561 1562 1563 AND
2 1 1563 3046 3047 XOR
2 1 10 3047 1565 XOR
2 1 12 3047 1564 XOR
2 1 1564 1565 1566 AND
2 1 1566 3047 3048 XOR
2 1 11 3048 1568 XOR
2 1 13 3048 1567 XOR
2 1 1567 1568 1569 AND
2 1 1569 3048 3049 XOR
2 1 12 3049 1571 XOR
2 1 14 3049 1570 XOR
2 1 1570 1571 1572 AND
2 1 1572 3049 3050 XOR
2 1 13 3050 1574 XOR
2 1 15 3050 1573 XOR
2 1 1573 1574 1575 AND
2 1 1575 3050 3051 XOR
2 1 14 3051 1577 XOR
2 1 16 3051 1576 XOR
2 1 1576 1577 1578 AND
2 1 1578 3051 3052 XOR
2 1 15 3052 1580 XOR
2 1 17 3052 1579 XOR
2 1 1579 1580 1581 AND
2 1 1581 3052 3053 XOR
2 1 16 3053 1583 XOR
2 1 18 3053 1582 XOR
2 1 1582 1583 1584 AND
2 1 1584 3053 3054 XOR
2 1 17 3054 1586 XOR
2 1 19 3054 1585 XOR
2 1 1585 1586 1901 AND
2 1 1901 3054 3055 XOR
2 1 18 3055 1903 XOR
2 1 20 3055 1902 XOR
2 1 1902 1903 1904 AND
2 1 1904 3055 3056 XOR
2 1 19 3056 1906 XOR
2 1 21 3056 1905 XOR
2 1 1905 1906 1907 AND
2 1 1907 3056 3057 XOR
2 1 20 3057 1909 XOR
2 1 22 3057 1908 XOR
2 1 1908 1909 1910 AND
2 1 1910 3057 3058 XOR
2 1 21 3058 1912 XOR
2 1 23 3058 1911 XOR
2 1 1911 1912 1913 AND
2 1 1913 3058 3059 XOR
2 1 22 3059 1915 XOR
2 1 24 3059 1914 XOR
2 1 1914 1915 1916 AND
2 1 1916 3059 3060 XOR
2 1 23 3060 1918 XOR
2 1 25 3060 1917 XOR
2 1 1917 1918 1919 AND
2 1 1919 3060 3061 XOR
2 1 24 3061 1921 XOR
2 1 26 3061 1920 XOR
2 1 1920 1921 1922 AND
2 1 1922 3061 3062 XOR
2 1 25 3062 1924 XOR
2 1 27 3062 1923 XOR
2 1 1923 1924 1925 AND
2 1 1925 3062 3063 XOR
2 1 2686 3063 3441 XOR
2 1 26 3063 1927 XOR
2 1 28 3063 1926 XOR
2 1 1926 1927 1928 AND
2 1 1928 3063 3064 XOR
2 1 2687 3064 3442 XOR
2 1 2685 3062 3440 XOR
2 1 27 3064 1930 XOR
2 1 29 3064 1929 XOR
2 1 1929 1930 1931 AND
2 1 1931 3064 3065 XOR
2 1 2688 3065 3443 XOR
2 1 2684 3061 3439 XOR
2 1 28 3065 1933 XOR
2 1 30 3065 1932 XOR
2 1 1932 1933 1934 AND
2 1 1934 3065 3066 XOR
2 1 2683 3060 3438 XOR
2 1 31 3066 1935 XOR
2 1 2689 3066 3444 XOR
2 1 2682 3059 3437 XOR
2 1 29 3066 1936 XOR
2 1 1935 1936 1937 AND
2 1 1937 3066 3067 XOR
2 1 2690 3067 3445 XOR
2 1 2681 3058 3436 XOR
2 1 30 3067 1939 XOR
2 1 32 3067 1938 XOR
2 1 1938 1939 1940 AND
2 1 1940 3067 3068 XOR
2 1 2691 3068 3446 XOR
2 1 2680 3057 3435 XOR
2 1 31 3068 1942 XOR
2 1 33 3068 1941 XOR
2 1 1941 1942 1943 AND
2 1 1943 3068 3069 XOR
2 1 2692 3069 3447 XOR
2 1 2679 3056 3434 XOR
2 1 32 3069 1945 XOR
2 1 34 3069 1944 XOR
2 1 1944 1945 1946 AND
2 1 1946 3069 3070 XOR
2 1 2678 3055 3433 XOR
2 1 35 3070 1947 XOR
2 1 2693 3070 3448 XOR
2 1 2677 3054 3432 XOR
2 1 33 3070 1948 XOR
2 1 1947 1948 1949 AND
2 1 1949 3070 3071 XOR
2 1 2694 3071 3449 XOR
2 1 2676 3053 3431 XOR
2 1 34 3071 1951 XOR
2 1 36 3071 1950 XOR
2 1 1950 1951 1952 AND
2 1 1952 3071 3072 XOR
2 1 2695 3072 3450 XOR
2 1 2675 3052 3430 XOR
2 1 35 3072 1954 XOR
2 1 37 3072 1953 XOR
2 1 1953 1954 1955 AND
2 1 1955 3072 3073 XOR
2 1 2696 3073 3451 XOR
2 1 2674 3051 3429 XOR
2 1 36 3073 1957 XOR
2 1 38 3073 1956 XOR
2 1 1956 1957 1958 AND
2 1 1958 3073 3074 XOR
2 1 2673 3050 3428 XOR
2 1 39 3074 1959 XOR
2 1 2697 3074 3452 XOR
2 1 2672 3049 3427 XOR
2 1 37 3074 1960 XOR
2 1 1959 1960 1961 AND
2 1 1961 3074 3075 XOR
2 1 2698 3075 3453 XOR
2 1 2671 3048 3426 XOR
2 1 38 3075 1963 XOR
2 1 40 3075 1962 XOR
2 1 1962 1963 1964 AND
2 1 1964 3075 3076 XOR
2 1 2699 3076 3454 XOR
2 1 2670 3047 3425 XOR
2 1 39 3076 2280 XOR
2 1 41 3076 2279 XOR
2 1 2279 2280 2281 AND
2 1 2281 3076 3077 XOR
2 1 2700 3077 3455 XOR
2 1 2669 3046 3424 XOR
2 1 40 3077 2283 XOR
2 1 42 3077 2282 XOR
2 1 2282 2283 2284 AND
2 1 2284 3077 3078 XOR
2 1 2668 3045 3423 XOR
2 1 43 3078 2285 XOR
2 1 2701 3078 3456 XOR
2 1 2667 3044 3422 XOR
2 1 41 3078 2286 XOR
2 1 2285 2286 2287 AND
2 1 2287 3078 3079 XOR
2 1 2702 3079 3457 XOR
2 1 2666 3043 3421 XOR
2 1 42 3079 2289 XOR
2 1 44 3079 2288 XOR
2 1 2288 2289 2290 AND
2 1 2290 3079 3080 XOR
2 1 2703 3080 3458 XOR
2 1 2665 3042 3420 XOR
2 1 43 3080 2292 XOR
2 1 45 3080 2291 XOR
2 1 2291 2292 2293 AND
2 1 2293 3080 3081 XOR
2 1 2704 3081 3459 XOR
2 1 2664 3041 3419 XOR
2 1 44 3081 2295 XOR
2 1 46 3081 2294 XOR
2 1 2294 2295 2296 AND
2 1 2296 3081 3082 XOR
2 1 2663 3040 3418 XOR
2 1 47 3082 2297 XOR
2 1 2705 3082 3460 XOR
2 1 2662 3039 3417 XOR
2 1 45 3082 2298 XOR
2 1 2297 2298 2299 AND
2 1 2299 3082 3083 XOR
2 1 2706 3083 3461 XOR
2 1 2661 3038 3416 XOR
2 1 46 3083 2301 XOR
2 1 48 3083 2300 XOR
2 1 2300 2301 2302 AND
2 1 2302 3083 3084 XOR
2 1 2707 3084 3462 XOR
2 1 2660 3037 3415 XOR
2 1 47 3084 2304 XOR
2 1 49 3084 2303 XOR
2 1 2303 2304 2305 AND
2 1 2305 3084 3085 XOR
2 1 2708 3085 3463 XOR
2 1 2659 3036 3414 XOR
2 1 48 3085 2307 XOR
2 1 50 3085 2306 XOR
2 1 2306 2307 2308 AND
2 1 2308 3085 3086 XOR
2 1 49 3086 2310 XOR
2 1 51 3086 2309 XOR
2 1 2309 2310 2311 AND
2 1 2311 3086 3087 XOR
2 1 50 3087 2313 XOR
2 1 52 3087 2312 XOR
2 1 2312 2313 2314 AND
2 1 2314 3087 3088 XOR
2 1 51 3088 2316 XOR
2 1 53 3088 2315 XOR
2 1 2315 2316 2317 AND
2 1 2317 3088 3089 XOR
2 1 52 3089 2319 XOR
2 1 54 3089 2318 XOR
2 1 2318 2319 2320 AND
2 1 2320 3089 3090 XOR
2 1 53 3090 2322 XOR
2 1 55 3090 2321 XOR
2 1 2321 2322 2323 AND
2 1 2323 3090 3091 XOR
2 1 54 3091 2325 XOR
2 1 56 3091 2324 XOR
2 1 2324 2325 2326 AND
2 1 2326 3091 3092 XOR
2 1 2715 3092 3470 XOR
2 1 55 3092 2328 XOR
2 1 57 3092 2327 XOR
2 1 2327 2328 2329 AND
2 1 2329 3092 3093 XOR
2 1 2716 3093 3471 XOR
2 1 2714 3091 3469 XOR
2 1 56 3093 2331 XOR
2 1 58 3093 2330 XOR
2 1 2330 2331 2332 AND
2 1 2332 3093 3094 XOR
2 1 2717 3094 3472 XOR
2 1 2713 3090 3468 XOR
2 1 57 3094 2334 XOR
2 1 59 3094 2333 XOR
2 1 2333 2334 2335 AND
2 1 2335 3094 3095 XOR
2 1 2712 3089 3467 XOR
2 1 60 3095 2336 XOR
2 1 2718 3095 3473 XOR
2 1 2711 3088 3466 XOR
2 1 58 3095 2337 XOR
2 1 2336 2337 2338 AND
2 1 2338 3095 3096 XOR
2 1 2719 3096 3474 XOR
2 1 2710 3087 3465 XOR
2 1 59 3096 2340 XOR
2 1 61 3096 2339 XOR
2 1 2339 2340 2341 AND
2 1 2341 3096 3097 XOR
2 1 2720 3097 3475 XOR
2 1 2709 3086 3464 XOR
2 1 60 3097 2657 XOR
2 1 62 3097 2342 XOR
2 1 2342 2657 2658 AND
2 1 2658 3097 3098 XOR
2 1 3035 3098 3476 XOR